n 50
m 10
hl 143
o 5
peak_start 108
peak_end 125
rate_in_peak 0.47753
rate_off_peak 0.32282
max_cost 10028

v
1.2
1.1
1
0.9
0.8

lambda
1.5
1.25
1
0.8
0.6

pi
79
108
42
192
184
197
128
102
150
62

processing
83	79	69	77	7	17	78	35	3	3	
3	9	5	33	19	6	50	1	15	27	
69	37	23	77	61	67	98	15	17	34	
36	56	68	60	88	30	76	68	64	34	
70	67	42	31	55	60	90	60	17	61	
86	85	53	10	19	15	32	72	29	5	
8	20	60	31	79	49	61	12	72	80	
45	98	4	87	30	58	4	75	74	74	
37	61	60	89	27	34	59	14	62	88	
18	69	9	33	55	44	38	17	11	11	
53	56	10	56	98	93	70	3	70	45	
33	62	61	92	9	43	82	67	57	45	
56	30	69	21	63	79	64	2	52	74	
12	6	85	76	17	84	26	86	43	51	
86	75	15	5	24	23	47	61	45	59	
61	3	89	85	77	53	66	42	10	19	
71	21	24	58	52	94	97	78	82	95	
30	25	27	98	29	7	22	32	67	23	
90	84	79	36	70	57	88	91	54	97	
11	26	74	88	39	81	84	92	60	23	
44	90	3	71	89	32	77	67	19	1	
45	64	84	25	2	12	81	89	4	36	
44	69	17	73	58	56	55	43	5	17	
21	48	62	24	20	8	11	52	30	29	
53	74	92	92	98	93	59	80	40	63	
71	39	33	88	13	46	45	67	45	5	
39	65	52	56	88	28	64	54	79	49	
82	87	25	32	37	78	80	95	16	21	
15	86	15	3	75	27	49	75	50	93	
79	88	15	87	46	59	16	65	14	50	
15	52	93	93	83	31	73	20	81	44	
95	96	31	11	54	8	38	4	38	43	
52	19	32	67	61	33	81	76	53	94	
81	68	3	75	18	41	61	46	61	44	
89	57	95	22	67	50	83	60	10	22	
4	61	94	90	83	56	78	65	87	33	
17	70	56	19	46	73	60	9	75	22	
8	65	78	4	42	2	53	26	62	18	
4	21	79	97	66	19	55	46	84	97	
78	2	68	35	74	16	63	35	78	93	
56	85	16	89	44	57	91	52	39	10	
70	96	84	6	94	52	24	6	97	63	
5	32	64	28	22	40	97	40	30	76	
35	86	18	50	32	17	62	78	69	2	
43	40	53	29	45	49	36	24	10	88	
87	68	21	8	96	42	47	94	37	33	
28	71	74	1	76	7	18	40	85	86	
95	83	81	50	67	81	54	4	6	19	
91	92	43	67	2	40	64	4	89	3	
36	72	29	11	29	7	72	46	46	14	

setup
0	87	71	48	54	112	90	120	44	30	32	26	83	29	61	41	117	73	1	22	94	107	119	123	36	84	103	1	115	84	42	117	90	113	85	20	21	51	59	108	123	90	53	2	38	113	86	31	105	86	
53	0	24	89	95	114	71	88	53	54	53	65	112	55	78	13	86	120	53	50	92	98	69	117	55	54	120	53	85	71	68	85	99	119	122	38	53	42	30	118	80	42	5	52	88	88	61	82	115	46	
104	114	0	39	104	89	44	74	95	111	91	100	24	71	54	109	57	14	88	97	41	39	55	119	96	111	42	103	117	112	119	83	111	55	78	100	62	85	85	25	98	113	113	88	71	67	61	52	76	71	
66	80	58	0	64	47	20	31	104	93	87	93	49	22	43	102	59	67	81	89	82	64	21	82	58	75	31	46	75	123	114	74	77	96	88	58	5	91	91	70	76	80	93	39	86	118	93	44	64	27	
38	54	68	98	0	123	80	72	8	57	15	69	97	86	100	14	53	33	49	87	43	104	89	38	80	28	81	60	99	86	98	31	107	59	35	82	99	89	70	81	112	45	54	91	114	116	21	74	80	82	
110	110	104	70	120	0	98	118	122	109	108	78	53	73	88	108	68	90	77	109	116	74	88	104	45	116	45	119	84	98	48	121	66	121	111	103	30	67	100	90	22	114	87	60	9	99	118	101	44	81	
20	98	77	96	104	72	0	113	75	78	54	110	47	94	56	98	80	47	116	41	103	113	122	63	106	91	58	91	25	85	100	81	112	62	47	89	50	33	122	52	55	94	81	103	64	108	83	38	55	67	
108	72	86	104	123	50	117	0	115	122	109	83	83	82	99	44	120	103	91	113	20	121	67	73	117	33	84	96	109	45	119	58	82	57	95	119	111	93	24	90	76	109	100	54	88	33	102	114	79	108	
43	100	120	119	103	57	107	13	0	111	100	79	91	91	107	49	121	100	91	111	30	119	76	72	108	36	91	104	105	38	110	63	91	50	85	118	119	93	27	82	71	107	92	61	84	37	94	123	69	113	
25	103	122	110	61	86	72	79	105	0	40	40	114	86	53	91	56	79	73	16	101	74	90	81	18	95	116	20	13	116	92	88	42	96	68	32	83	45	87	111	72	113	33	53	81	104	21	123	75	50	
33	82	92	71	111	91	27	88	98	71	0	95	106	88	35	94	65	23	19	77	122	26	32	118	75	104	88	72	65	123	29	29	45	64	99	96	122	73	89	42	96	53	80	62	17	45	85	74	61	85	
94	36	44	31	55	118	41	81	87	118	86	0	42	9	100	85	102	67	80	84	111	71	68	122	35	34	92	49	102	81	68	103	97	81	100	28	56	26	120	61	54	61	86	121	78	120	4	96	55	30	
33	92	97	73	50	113	68	54	93	119	91	31	0	28	96	113	109	80	64	91	99	97	63	110	51	56	69	47	84	66	43	114	96	77	88	32	45	31	96	80	49	71	84	110	65	122	33	100	36	34	
60	90	101	116	93	47	105	10	106	70	60	53	84	0	58	84	31	69	30	60	123	50	69	120	38	120	33	72	97	75	106	46	53	74	58	89	107	89	70	17	91	86	67	46	22	113	73	58	74	97	
90	18	17	52	65	60	103	72	44	102	79	43	16	13	0	95	23	71	24	55	123	48	80	116	31	108	24	78	90	85	115	55	51	74	63	93	97	82	62	14	100	88	62	48	26	101	74	66	70	104	
102	72	58	95	61	118	47	79	43	111	114	38	12	22	75	0	95	93	58	107	92	55	102	59	73	106	67	118	111	29	50	96	92	80	111	48	103	67	117	73	59	49	72	59	88	50	123	106	6	71	
31	86	97	114	87	103	122	21	117	72	109	98	57	30	36	117	0	115	123	106	122	83	60	105	102	61	78	93	10	95	79	122	100	42	97	90	92	96	80	45	95	75	68	75	105	80	22	73	112	82	
9	89	85	112	62	85	27	96	71	61	94	110	76	95	45	122	118	0	113	118	17	71	59	103	41	104	49	111	109	58	101	37	97	101	119	62	36	68	120	118	30	88	110	112	32	83	122	76	21	105	
80	106	85	97	90	93	6	117	4	112	76	117	117	110	92	44	119	54	0	94	61	41	77	97	52	76	86	93	89	71	114	74	63	97	86	64	32	38	94	109	32	71	77	111	66	65	71	31	69	120	
114	62	82	85	60	95	47	90	68	64	93	99	109	115	62	53	102	107	67	0	18	56	43	31	96	117	109	113	115	24	52	94	94	52	79	21	83	71	88	123	53	96	21	67	30	99	123	78	10	73	
39	109	120	97	36	122	27	88	68	56	23	113	114	98	56	122	88	84	67	116	0	65	106	97	122	21	119	49	25	105	77	95	84	117	39	108	111	94	118	120	104	112	110	70	96	66	12	105	114	104	
22	69	86	95	42	86	48	114	51	87	119	98	74	73	119	34	117	32	118	77	86	0	113	109	96	103	77	76	63	99	95	45	28	38	81	62	40	59	101	69	44	64	86	88	32	95	81	118	74	31	
81	12	33	38	33	109	104	54	91	96	116	110	111	110	109	84	50	66	108	98	98	47	0	115	80	113	77	60	30	70	122	5	51	16	121	22	81	48	65	90	12	65	100	78	21	100	108	101	40	67	
66	43	41	4	61	108	29	113	79	75	89	30	34	35	40	108	88	65	116	103	88	29	95	0	41	53	79	63	71	100	64	92	52	89	90	90	17	63	86	111	97	87	64	109	102	44	40	40	122	83	
23	89	72	49	29	112	77	66	118	105	76	112	107	105	59	77	75	78	59	58	59	101	34	98	0	98	42	107	34	81	59	35	85	44	60	59	93	102	91	35	115	19	50	27	85	112	75	86	94	57	
77	103	101	70	118	46	108	32	89	102	88	14	50	60	53	45	51	91	92	53	59	9	119	77	79	0	65	38	109	89	31	107	76	106	44	31	48	54	97	91	112	92	68	70	49	79	12	71	78	62	
9	92	90	69	12	120	79	58	122	96	76	85	119	117	62	49	110	26	105	15	23	47	122	67	32	114	0	114	85	92	95	61	109	80	82	117	98	113	114	97	7	77	62	49	90	75	116	115	80	110	
116	111	95	103	64	86	27	99	75	87	61	92	113	109	86	35	79	99	91	18	15	72	115	87	82	63	81	0	75	14	82	63	101	93	45	98	71	80	90	28	76	65	123	55	15	32	93	118	28	79	
79	43	59	60	79	98	56	66	79	38	31	98	82	82	75	47	108	112	101	35	34	51	98	112	86	73	89	27	0	19	65	59	98	93	45	74	75	73	87	52	88	70	112	62	33	24	95	95	23	54	
6	91	99	121	103	122	58	89	34	110	104	21	49	57	53	76	43	115	90	97	98	111	91	83	91	26	73	72	41	0	53	60	104	120	82	75	54	63	90	88	70	37	115	37	11	30	60	95	19	86	
57	97	78	87	77	69	31	100	36	107	121	109	69	59	74	70	78	75	121	47	45	72	63	73	107	93	103	121	107	98	0	68	22	23	52	44	91	90	28	57	84	86	81	76	107	94	39	65	105	86	
50	66	44	15	65	98	13	117	21	96	63	59	93	111	93	38	85	47	73	52	58	88	88	116	113	40	93	71	24	20	51	0	69	43	68	20	45	61	30	102	108	92	85	89	94	52	82	15	103	83	
60	113	102	111	81	83	20	97	40	90	91	107	101	106	84	107	56	62	56	67	83	86	87	87	99	15	53	85	117	121	93	113	0	93	55	108	104	97	95	29	44	87	34	30	70	71	98	112	74	71	
106	45	56	90	113	122	94	118	87	27	38	109	111	119	91	17	96	115	123	72	72	32	105	82	60	109	103	37	103	87	78	59	82	0	84	62	30	21	26	80	90	99	105	105	113	69	25	74	66	61	
3	88	71	55	38	97	90	40	104	49	34	120	106	121	114	88	8	120	57	44	27	65	74	46	30	111	68	72	111	103	77	68	66	105	0	102	101	104	95	45	88	83	37	11	114	83	84	96	56	50	
106	21	19	33	50	111	50	84	52	94	90	29	35	28	33	83	105	26	123	41	46	55	79	116	98	66	29	111	54	42	90	37	72	75	115	0	25	110	76	106	66	97	108	121	54	71	50	62	68	105	
45	117	99	85	41	105	43	74	98	61	61	120	117	101	73	40	118	50	121	42	35	91	113	51	79	85	41	112	69	82	113	111	59	102	57	94	0	58	65	84	108	72	115	40	47	60	58	74	120	60	
61	80	85	121	74	118	95	24	94	38	44	89	119	108	81	32	110	9	111	65	81	26	112	54	71	82	29	100	109	97	107	93	103	81	68	79	60	0	122	42	74	36	100	46	36	33	100	38	74	81	
87	75	73	51	68	78	113	18	105	48	78	69	28	13	60	105	62	70	71	63	62	118	26	90	57	56	17	115	66	81	75	114	69	61	51	65	80	23	0	53	92	18	94	31	17	20	95	44	61	81	
71	112	114	78	97	110	68	101	67	116	85	67	70	47	90	43	57	74	86	110	118	112	106	58	59	91	41	86	43	45	65	19	76	108	91	111	105	122	114	0	112	106	61	91	117	109	110	76	77	116	
2	86	98	80	100	101	105	122	24	91	105	22	61	40	33	87	119	69	74	47	30	48	118	84	103	115	84	92	101	102	107	73	104	75	37	82	66	63	73	40	0	104	68	94	116	108	92	53	61	101	
38	81	59	23	71	69	105	51	66	83	114	72	81	68	22	99	36	122	54	83	91	114	36	114	111	116	92	101	114	120	98	87	78	36	49	102	113	86	84	43	71	0	74	63	115	112	97	112	51	59	
81	52	32	40	54	71	39	115	33	102	73	46	35	54	57	75	103	71	120	33	46	33	88	96	70	31	47	108	86	80	123	61	20	80	108	83	98	93	86	101	82	57	0	109	69	93	96	123	67	79	
113	94	109	115	63	98	97	25	98	39	49	88	75	74	53	97	70	110	70	39	36	73	76	81	67	70	40	122	97	105	85	91	63	51	39	102	102	67	90	78	41	65	61	0	37	54	90	94	10	50	
116	118	95	65	107	93	27	97	95	81	103	110	72	75	83	76	81	56	63	42	48	65	107	110	112	107	43	107	49	34	39	56	63	121	93	73	57	88	50	74	72	72	65	111	0	103	77	101	115	94	
93	68	49	28	73	66	76	108	44	77	56	103	74	49	92	89	72	103	64	112	102	56	63	55	59	42	49	120	92	76	34	93	106	42	90	110	117	106	23	56	68	112	101	65	79	0	74	65	55	38	
107	80	95	80	112	116	114	105	72	74	56	119	85	96	78	65	75	51	101	30	36	58	77	86	97	84	39	78	81	82	104	83	57	64	104	22	29	59	119	95	60	70	60	81	86	91	0	120	66	64	
25	70	60	94	68	66	89	67	78	47	35	67	99	72	26	116	63	63	88	80	71	85	34	113	111	102	48	78	74	77	108	82	16	81	68	94	86	71	70	52	71	90	91	81	99	81	118	0	62	108	
90	15	30	63	26	101	19	121	64	69	36	112	83	74	110	26	108	112	62	50	44	50	91	81	93	17	56	107	38	25	39	82	118	31	95	64	42	44	86	64	111	123	52	121	112	115	47	82	0	82	
108	29	50	12	70	61	46	80	71	45	71	97	123	115	79	101	46	85	54	93	76	74	56	103	110	86	38	107	58	74	87	28	66	46	86	122	111	69	63	11	104	43	37	111	76	34	96	29	45	0	

0	27	58	71	33	50	12	120	28	27	103	96	115	66	24	26	37	40	84	11	79	37	45	20	79	114	80	45	45	27	103	29	96	38	19	5	7	74	1	35	100	103	50	11	89	73	80	45	33	40	
55	0	111	115	29	68	54	107	72	74	71	73	99	108	47	37	47	58	61	60	29	52	94	60	101	119	99	23	59	61	120	42	102	75	55	53	52	37	55	64	105	107	64	55	55	71	49	41	50	39	
123	121	0	23	118	90	83	37	89	50	68	68	29	75	91	101	120	83	117	105	108	114	68	80	55	48	78	101	100	95	56	89	98	82	101	74	92	114	85	101	70	62	90	89	119	65	77	92	74	113	
67	87	67	0	90	92	117	39	99	26	117	41	71	123	62	40	80	57	115	55	88	68	24	38	76	34	109	46	114	58	120	31	94	106	88	44	52	60	89	40	116	74	32	108	111	65	98	47	93	53	
75	60	54	53	0	58	66	32	64	45	81	21	94	99	64	87	86	72	72	37	83	24	42	63	24	74	60	28	117	9	103	49	101	70	116	54	6	25	94	46	92	38	42	91	82	23	50	23	61	77	
84	83	52	59	68	0	25	87	52	95	123	59	50	75	44	20	91	99	115	61	27	76	49	51	70	90	54	64	88	74	81	106	97	17	65	55	71	79	81	54	120	56	75	68	112	65	50	61	15	52	
15	19	107	108	34	43	0	113	65	116	115	58	44	81	68	42	105	100	102	81	28	58	59	55	86	93	81	52	50	112	116	116	57	34	74	56	57	104	94	95	100	71	113	89	119	41	57	47	40	56	
28	20	106	98	83	41	64	0	30	58	73	99	65	45	47	92	72	95	106	49	37	56	68	110	33	101	35	57	111	122	96	62	39	86	110	71	23	78	122	89	118	23	106	95	108	35	26	27	67	109	
100	77	79	99	25	74	57	109	0	122	77	91	93	69	114	30	56	107	26	79	116	111	84	94	97	104	90	93	36	93	17	74	106	42	33	44	109	88	14	92	52	111	70	97	45	93	112	110	117	84	
5	25	110	99	54	66	67	71	44	0	107	110	120	40	95	35	66	104	45	113	97	82	107	111	56	92	71	65	33	85	28	60	63	81	41	13	122	116	56	101	78	85	28	103	77	109	103	105	81	48	
79	73	42	62	101	51	57	74	90	41	0	71	85	79	119	15	64	117	19	108	114	65	95	81	94	57	65	48	11	74	45	64	30	74	68	50	119	103	59	83	106	104	26	77	100	108	79	69	43	40	
11	31	122	106	117	114	115	73	95	106	15	0	89	67	109	12	59	120	24	114	100	57	97	77	89	49	72	48	16	66	35	65	37	86	57	43	114	90	60	82	106	99	30	68	97	105	65	59	29	45	
26	43	86	69	53	101	122	34	34	92	42	103	0	105	41	101	75	35	94	18	114	103	14	98	26	84	78	64	92	84	74	52	79	110	85	105	97	37	84	49	80	114	75	69	22	99	79	72	92	105	
90	68	45	66	123	109	109	58	76	57	78	92	17	0	56	111	72	39	93	30	100	87	18	102	18	77	84	51	90	89	63	36	74	107	71	103	89	26	95	62	84	117	75	54	18	98	90	82	79	100	
53	47	123	103	60	58	50	102	91	86	115	69	99	15	0	122	71	42	95	34	107	74	6	100	18	86	74	46	87	85	74	40	85	102	66	113	80	37	89	71	73	122	71	51	14	105	99	75	76	110	
108	84	69	58	45	101	89	108	87	118	107	79	99	109	89	0	60	108	18	56	29	119	88	67	93	49	93	47	17	105	110	108	121	114	70	112	70	89	71	103	80	48	91	70	92	94	64	88	47	59	
1	27	94	86	115	115	97	24	42	107	90	123	47	101	67	91	0	40	88	109	68	108	83	101	15	84	63	118	93	81	21	90	63	107	96	118	45	67	71	64	50	121	107	84	52	40	75	89	109	33	
27	10	105	122	44	52	70	102	83	69	104	102	39	96	65	103	67	0	61	115	51	72	32	106	53	83	119	56	102	109	55	115	74	70	50	65	26	47	87	65	38	80	83	114	105	50	43	108	64	71	
20	11	107	87	96	88	67	97	106	73	71	21	69	123	115	102	74	65	0	99	101	63	85	98	27	60	80	63	46	77	58	93	73	16	104	112	62	31	113	61	32	43	83	108	50	48	46	57	73	80	
117	120	31	26	74	80	95	38	30	95	46	26	101	54	95	53	71	49	70	0	77	108	19	114	91	34	37	91	97	38	118	116	122	78	99	63	122	70	123	116	80	34	98	63	66	115	34	62	33	119	
40	40	100	116	70	78	67	100	112	70	52	55	70	76	105	50	27	26	40	67	0	84	74	109	25	96	93	97	39	96	52	92	107	78	120	95	114	74	68	52	97	72	56	16	10	98	69	14	44	93	
55	37	118	109	114	65	54	112	119	38	117	59	39	67	78	114	64	47	104	84	100	0	31	46	84	117	56	45	116	17	72	118	36	98	95	103	105	55	45	75	102	50	47	89	98	50	113	101	90	27	
49	52	96	97	31	28	8	108	90	53	71	56	73	105	88	122	108	119	95	11	70	19	0	42	87	123	41	55	117	7	66	101	43	109	78	114	104	50	28	82	107	33	46	105	84	66	108	88	81	16	
108	98	30	47	52	57	56	77	104	66	95	26	98	41	34	97	80	106	86	71	121	59	69	0	90	55	93	107	95	73	33	48	72	78	86	82	59	56	81	34	100	53	84	42	122	75	50	77	59	79	
116	94	79	86	114	109	111	22	46	104	54	66	119	79	103	71	91	106	49	103	38	58	43	48	0	98	46	65	106	97	46	45	42	65	104	52	26	57	78	44	104	54	96	44	77	89	77	35	22	48	
14	29	112	106	65	121	114	31	37	123	35	100	85	122	117	120	92	118	65	74	11	80	50	86	114	0	82	56	59	45	114	119	109	112	74	82	114	79	118	76	123	116	97	114	57	34	108	92	99	84	
68	79	89	88	90	117	113	109	95	108	8	67	28	97	121	13	64	91	51	122	48	42	24	24	92	30	0	66	81	39	94	107	116	97	96	103	115	52	102	91	107	112	110	95	62	56	94	112	87	96	
78	81	80	71	113	70	60	110	113	23	121	54	64	80	32	118	112	74	74	28	100	60	59	70	115	42	49	0	122	28	59	112	99	115	104	104	70	22	102	79	59	85	116	87	76	68	50	100	101	48	
91	92	22	10	97	43	58	88	102	88	46	44	119	80	96	89	106	123	88	76	6	79	95	60	42	104	66	104	0	82	56	118	106	97	104	15	40	94	40	80	77	21	69	46	114	97	117	64	39	122	
114	92	74	91	100	102	123	115	119	39	118	121	61	100	79	44	58	31	57	51	53	82	85	98	9	98	28	88	93	0	73	72	43	58	52	79	89	63	67	117	47	112	56	70	95	123	115	107	85	96	
105	111	17	27	66	23	21	115	92	67	50	31	66	69	80	49	86	114	85	50	70	29	39	55	67	100	34	67	75	39	0	106	18	24	41	74	90	28	56	102	72	94	40	66	91	109	80	115	88	117	
91	112	119	123	77	80	86	59	75	90	97	42	86	92	110	22	71	52	105	55	100	68	48	21	81	88	109	55	98	26	93	0	103	82	83	97	33	75	75	117	38	13	100	42	73	57	61	120	64	80	
9	23	94	103	42	86	84	88	68	95	111	57	39	99	100	101	42	40	64	102	36	75	84	107	72	40	48	57	89	57	45	101	0	61	44	107	74	32	99	77	89	95	117	119	74	57	109	39	49	117	
101	93	31	36	59	28	4	112	99	58	91	83	74	66	109	72	75	61	4	97	36	57	82	105	40	112	49	41	105	52	122	115	39	0	58	69	49	58	71	106	99	90	92	114	80	64	76	1	45	123	
79	56	88	102	48	65	81	53	35	91	20	57	50	89	96	76	50	57	59	55	88	44	37	28	65	69	43	96	104	61	114	35	86	27	0	70	46	33	88	120	98	78	117	92	72	74	53	27	53	110	
70	76	99	119	99	100	100	56	50	106	90	64	116	81	57	117	72	59	99	7	80	82	60	47	80	27	58	79	116	120	49	69	62	50	32	0	24	52	79	119	112	52	121	66	73	97	41	33	62	114	
108	115	91	81	98	119	118	91	81	95	64	66	122	76	45	82	77	93	119	70	26	88	77	63	62	118	112	119	96	106	101	77	65	25	70	80	0	42	100	69	48	121	44	119	103	36	45	81	105	91	
54	75	123	119	122	68	67	68	61	96	51	52	95	113	91	121	85	114	110	19	70	32	7	36	73	64	100	107	90	111	42	123	43	36	75	42	55	0	59	29	88	110	13	66	52	48	25	66	69	42	
38	63	109	115	42	19	17	118	111	25	89	116	52	82	96	47	80	48	43	95	38	54	52	20	97	65	73	74	74	90	65	79	79	31	47	56	76	102	0	94	115	64	113	72	68	63	117	97	73	108	
115	104	112	111	72	122	117	10	34	106	108	62	50	67	110	17	70	61	69	32	58	40	23	47	98	68	77	62	63	35	70	60	111	111	101	48	60	93	64	0	92	122	116	63	40	23	68	81	73	117	
94	108	8	24	92	68	56	86	111	26	94	64	37	77	37	87	47	83	44	91	21	86	66	88	117	112	76	62	75	99	112	93	75	105	122	120	113	118	108	17	0	117	102	54	50	13	70	92	82	119	
48	70	113	107	47	17	14	103	107	103	123	54	69	51	80	118	114	106	90	50	71	43	34	71	96	22	93	59	83	96	93	38	86	90	76	68	76	88	73	95	21	0	102	48	64	9	78	82	87	104	
37	36	103	90	26	78	97	59	59	114	121	80	83	106	67	69	69	81	85	21	57	32	18	26	75	114	106	106	39	98	26	122	40	95	88	26	5	45	87	87	107	111	0	123	60	110	113	100	51	24	
36	29	118	119	107	82	63	63	43	83	120	103	24	117	67	102	45	24	74	81	90	90	86	101	67	91	97	120	114	56	58	74	105	91	117	104	97	64	40	119	59	87	24	0	46	104	117	120	36	38	
103	91	113	106	109	88	75	104	120	4	109	67	71	102	76	92	117	100	76	82	64	23	15	32	64	38	77	56	84	85	26	101	95	72	52	22	19	41	80	66	55	90	60	88	0	69	101	33	94	86	
59	58	77	87	59	13	16	112	92	53	113	57	60	77	114	31	44	10	64	79	50	77	63	83	34	98	45	87	37	65	74	110	24	70	49	90	88	113	106	107	30	95	118	92	50	0	108	64	51	108	
77	83	70	63	108	112	98	92	102	98	119	55	43	83	58	104	60	77	77	75	17	93	111	114	57	88	68	8	120	71	91	59	104	103	49	107	86	98	58	48	85	89	105	24	52	46	0	47	52	111	
57	59	119	101	32	45	33	101	93	105	16	70	115	60	40	86	121	96	73	50	58	55	36	59	66	95	35	96	53	114	80	34	94	58	76	28	47	7	61	93	110	48	96	85	107	121	102	0	85	11	
21	39	105	123	69	107	123	119	103	25	89	111	114	110	78	105	108	106	48	115	80	115	122	122	113	107	88	112	42	98	98	44	85	33	42	80	96	106	116	92	32	116	80	57	93	122	117	105	0	102	
8	32	109	90	71	50	37	114	96	55	95	38	105	26	53	111	112	86	35	115	96	121	112	92	27	113	105	81	80	54	101	71	110	82	86	118	110	76	111	123	120	114	83	77	86	80	41	77	18	0	

0	41	100	25	6	1	102	31	48	23	70	86	39	82	9	38	96	16	107	121	31	54	115	22	108	96	72	22	107	112	90	78	30	66	103	78	110	1	108	34	24	54	39	62	13	47	19	28	62	2	
68	0	76	69	63	68	49	54	84	76	92	47	37	19	61	36	120	69	61	54	64	39	62	88	66	60	88	86	71	64	32	112	48	72	119	42	83	68	66	74	76	110	82	98	65	42	62	81	66	67	
75	71	0	21	25	118	84	34	117	103	25	35	44	80	51	36	67	91	79	93	104	89	10	98	84	27	97	61	70	9	45	97	87	48	70	100	34	11	40	7	74	74	93	121	110	97	10	88	106	65	
25	33	54	0	69	99	120	33	65	53	67	39	70	112	44	34	63	110	67	68	108	63	52	119	113	78	84	51	25	58	85	52	109	73	17	95	45	60	20	48	26	50	111	77	57	75	61	36	108	107	
87	64	89	89	0	30	47	119	50	103	86	65	42	69	93	92	52	65	25	69	50	89	107	58	77	16	64	67	109	97	81	46	72	71	103	101	107	107	92	88	78	63	86	54	121	38	66	89	48	29	
47	34	92	102	50	0	8	73	41	119	118	25	63	103	95	106	51	73	60	95	47	70	75	78	38	42	61	35	65	113	102	57	25	51	67	95	115	117	80	40	55	65	98	40	121	61	103	67	67	32	
97	89	113	119	98	123	0	118	119	76	101	121	93	104	113	24	88	88	109	105	107	122	116	58	89	122	119	99	118	29	108	102	105	87	114	81	98	98	44	89	94	113	72	105	65	71	54	115	75	106	
55	57	58	38	80	57	52	0	119	104	104	73	88	87	80	59	102	50	107	69	82	76	106	64	100	99	87	76	85	33	121	94	75	70	85	91	58	104	90	92	45	97	91	63	73	72	10	77	120	85	
115	122	122	123	72	75	73	104	0	57	79	107	113	69	72	98	32	67	109	100	72	75	59	71	99	41	65	64	81	108	26	53	99	42	105	50	79	76	54	17	85	80	101	113	76	117	107	63	109	45	
35	53	111	121	59	39	35	116	73	0	58	40	100	8	12	93	65	94	50	55	36	122	17	31	37	65	63	11	105	90	80	68	72	104	121	73	38	70	64	69	87	78	80	57	60	101	38	56	110	88	
64	54	96	87	95	101	105	66	62	89	0	114	69	84	88	110	120	55	123	60	73	94	77	68	101	110	103	88	66	76	41	46	51	107	52	68	109	88	103	83	15	116	10	113	60	29	101	84	103	27	
40	52	92	78	111	122	118	75	89	60	41	0	97	118	79	76	121	16	119	81	39	90	103	42	114	70	85	110	84	61	2	49	46	122	12	29	96	122	99	61	37	110	39	80	48	31	80	89	97	18	
103	65	114	109	94	79	78	66	107	56	100	94	0	80	116	70	63	92	120	41	106	110	63	75	72	29	35	59	69	110	93	100	51	37	87	93	7	39	93	64	73	77	71	108	122	95	60	51	40	97	
30	60	66	46	98	95	90	29	97	63	30	87	69	0	87	55	52	90	53	76	107	75	30	19	30	67	83	90	122	91	97	57	79	68	32	84	69	75	103	63	83	65	6	74	87	105	48	46	79	88	
41	54	114	123	110	108	104	53	89	33	75	120	119	85	0	103	37	49	48	35	106	76	81	87	89	63	81	56	118	116	85	85	98	38	108	96	109	14	89	63	51	41	85	33	38	113	101	48	84	103	
109	75	91	78	94	91	91	99	57	26	60	99	43	48	68	0	103	94	53	87	109	18	64	63	115	29	62	29	52	77	53	84	44	84	69	74	111	72	83	48	103	106	45	85	36	52	85	103	18	47	
29	25	53	56	86	105	98	50	103	52	29	116	76	93	33	82	0	32	62	101	91	87	47	90	79	57	123	69	68	25	82	34	40	123	24	55	82	20	17	102	28	46	54	42	94	52	83	46	73	79	
85	121	71	71	123	116	112	119	114	92	121	46	119	63	74	56	58	0	16	93	64	47	13	48	72	33	80	94	55	36	117	38	67	97	45	88	96	49	49	45	41	60	72	41	108	51	85	36	109	118	
2	41	99	92	30	28	21	108	33	59	94	70	119	82	39	112	28	19	0	92	76	64	11	51	80	15	86	105	48	45	105	25	56	106	60	70	79	31	63	44	57	64	73	56	111	47	97	52	121	114	
102	80	95	99	94	73	72	101	71	55	32	99	51	123	83	69	101	97	83	0	52	100	90	37	24	83	120	39	69	50	122	90	91	37	73	19	117	75	54	85	97	27	23	99	121	91	98	119	66	77	
71	88	30	13	69	79	72	118	31	58	81	66	70	103	20	86	110	114	102	14	0	112	88	43	26	82	122	38	58	62	123	94	88	40	72	7	115	78	62	88	93	36	12	99	119	83	109	111	62	78	
67	49	56	66	39	59	63	89	73	102	75	40	102	123	107	12	106	121	120	84	47	0	70	9	23	63	107	50	26	90	114	48	69	76	110	47	94	119	93	115	86	66	38	87	91	77	80	113	49	42	
45	26	67	52	32	8	1	118	49	79	48	92	67	19	72	91	89	99	99	79	58	59	0	60	73	101	107	20	79	93	117	16	77	120	98	48	107	110	53	73	69	63	52	93	37	76	27	88	43	30	
22	45	113	111	48	32	28	106	82	60	89	95	86	110	115	19	86	67	62	81	53	80	21	0	88	86	108	16	69	110	97	19	87	120	84	51	107	105	49	67	52	47	52	89	18	70	14	95	38	15	
11	32	92	98	84	55	53	77	52	10	54	95	67	119	89	31	79	54	57	117	72	89	34	70	0	73	77	64	104	95	58	65	38	107	116	62	67	107	104	34	55	28	84	42	80	79	59	38	101	80	
10	47	99	107	102	113	113	80	53	26	66	72	80	34	72	83	75	59	72	55	99	122	58	72	33	0	94	62	100	107	36	82	35	116	122	48	62	97	119	47	40	34	54	14	110	79	57	31	100	49	
5	39	60	67	123	99	101	27	123	123	112	51	109	115	118	81	53	28	22	107	65	94	62	69	118	85	0	60	20	117	82	109	79	90	97	39	30	120	59	47	90	99	93	96	78	120	60	106	90	71	
79	109	44	38	71	48	41	108	104	84	51	76	43	52	122	48	102	85	93	109	93	30	69	58	104	40	65	0	77	104	121	81	18	49	53	28	50	111	92	57	71	88	66	88	28	87	30	78	57	16	
18	28	57	55	61	79	82	101	118	119	87	35	79	122	84	61	66	78	75	64	20	96	27	58	111	51	48	53	0	72	79	33	66	87	37	76	76	111	96	80	98	89	30	50	28	73	74	51	67	47	
7	36	74	56	78	68	61	74	67	55	98	64	104	58	119	23	108	103	117	58	89	116	116	62	117	72	45	60	46	0	108	54	103	83	45	57	63	86	99	116	109	117	43	52	56	36	105	81	84	35	
114	90	80	86	27	15	18	104	19	39	22	122	44	96	57	119	120	103	96	60	24	114	46	56	106	38	86	105	80	97	0	102	62	42	60	119	76	29	42	112	94	123	93	74	94	115	37	97	61	78	
54	47	65	58	112	94	91	78	117	94	77	90	104	48	87	108	15	29	26	81	83	48	86	56	104	87	75	109	45	102	52	0	99	36	27	86	40	34	85	111	46	104	104	37	97	80	74	76	53	30	
119	120	49	68	16	15	17	114	101	118	66	52	64	87	115	123	56	68	66	122	111	65	54	93	78	122	116	98	86	95	76	85	0	100	84	34	50	111	55	102	64	92	49	56	71	43	41	46	48	66	
81	115	52	50	58	41	35	118	60	42	54	104	102	82	13	94	54	38	47	79	92	30	57	57	57	87	26	73	46	112	22	91	18	0	69	22	51	100	66	111	61	79	37	54	76	43	24	31	48	67	
43	24	73	80	81	107	108	80	74	95	53	83	32	110	110	100	112	83	80	102	114	89	34	29	106	109	114	77	71	17	105	107	104	112	0	122	91	45	99	107	92	34	112	62	55	108	91	99	120	82	
109	76	102	89	25	44	44	112	52	66	108	89	102	105	122	72	89	119	115	104	61	55	54	8	94	112	49	61	17	86	27	95	31	75	47	0	92	44	102	104	47	20	86	76	43	119	107	61	91	46	
74	93	69	50	46	63	62	112	80	101	119	88	40	52	69	121	67	75	74	62	45	81	54	102	78	6	97	44	44	78	40	84	29	111	116	115	0	112	117	33	109	118	62	114	75	50	79	73	26	72	
49	35	71	71	24	47	50	94	80	108	54	123	113	47	96	68	100	96	97	45	59	122	85	89	40	103	41	85	25	60	100	54	52	120	78	83	97	0	37	106	21	42	58	23	31	89	61	31	101	96	
111	109	67	58	117	109	107	103	117	67	108	84	19	70	94	46	80	96	88	109	107	10	78	82	32	72	46	101	48	57	91	13	92	27	87	58	113	5	0	103	22	38	58	20	34	89	61	34	104	93	
42	19	68	53	17	40	44	98	73	26	74	103	18	63	56	65	89	111	122	42	77	36	43	64	116	98	99	113	40	59	109	28	83	63	101	70	75	106	79	0	72	93	88	82	76	42	97	99	97	56	
38	41	98	93	30	21	19	120	85	114	92	24	119	61	103	48	90	64	77	52	55	123	106	53	101	30	72	81	107	49	119	92	104	98	80	44	72	60	78	119	0	45	32	92	109	99	32	56	61	68	
61	93	96	103	104	79	80	114	74	34	42	123	74	94	66	100	106	75	61	87	59	106	79	27	75	9	98	116	79	36	98	103	48	62	85	79	122	65	87	68	63	0	55	102	54	83	52	69	58	25	
3	41	40	25	70	66	65	56	91	85	64	117	117	92	39	112	51	70	82	33	48	81	115	116	74	108	16	68	111	117	114	79	115	44	53	84	86	40	61	75	49	50	0	122	14	35	91	88	77	28	
84	48	120	108	75	83	89	72	68	70	44	99	115	85	82	75	33	29	21	101	64	61	31	41	105	40	70	96	116	84	102	1	99	101	97	79	86	41	75	74	117	79	90	0	102	88	59	109	93	65	
75	101	87	75	88	95	90	115	90	90	56	105	26	61	79	94	118	99	101	40	39	93	68	45	119	54	119	99	49	24	90	17	86	93	63	119	99	64	29	120	91	90	112	74	0	23	42	109	58	21	
19	55	41	52	114	96	94	56	89	76	76	60	73	17	80	31	99	96	107	106	81	36	62	14	97	71	58	59	81	94	60	73	46	83	83	84	65	77	97	118	102	81	84	110	29	0	52	83	51	43	
12	33	68	76	107	107	102	74	75	48	93	106	90	46	96	121	22	26	37	111	69	89	114	117	46	33	95	52	77	86	52	111	28	117	93	43	112	99	118	123	99	116	71	63	67	57	0	41	51	24	
89	111	102	86	42	67	66	77	119	123	90	57	85	95	25	95	17	33	19	76	100	98	116	111	96	64	114	64	94	109	119	72	116	116	94	113	115	81	94	15	58	81	123	56	97	79	111	0	71	102	
83	55	55	59	13	27	28	122	109	88	77	74	81	84	35	85	112	115	106	26	34	87	45	94	45	66	76	79	32	89	42	117	61	81	71	68	49	113	100	56	54	49	49	119	37	24	67	32	0	104	
104	77	70	55	63	36	32	101	25	38	85	72	39	89	98	98	54	79	93	61	62	83	33	53	89	41	108	121	46	46	92	112	106	63	107	23	74	52	37	111	108	91	90	65	90	103	112	118	83	0	

0	100	70	91	2	13	107	75	83	117	63	106	75	88	109	108	106	72	79	15	39	86	113	72	108	18	79	7	17	34	49	68	53	38	36	54	50	62	6	10	99	111	115	50	76	101	77	58	92	33	
115	0	70	85	115	121	52	104	113	96	67	78	95	96	119	52	102	61	90	104	99	85	117	58	70	99	101	112	119	122	77	61	72	123	81	117	89	122	118	113	90	20	107	83	64	42	114	97	81	118	
123	75	0	70	112	69	37	101	51	52	25	118	29	45	101	45	48	88	60	74	40	96	75	111	66	29	122	100	67	64	19	65	112	53	59	107	64	67	105	58	23	87	123	123	14	59	118	69	52	94	
80	119	95	0	69	89	111	97	106	85	85	66	75	76	115	111	85	119	67	28	105	118	72	34	34	76	90	111	58	104	89	100	40	106	86	44	54	55	95	54	104	83	98	120	90	37	118	122	77	5	
22	81	60	28	0	76	100	111	81	87	60	63	51	102	108	115	83	104	81	47	82	108	64	31	12	80	113	117	76	104	92	88	49	99	72	33	41	59	87	43	104	77	117	97	99	50	107	106	81	26	
85	67	31	85	41	0	86	108	51	99	97	61	56	90	98	104	54	110	56	65	53	93	65	23	39	51	95	94	40	91	117	98	34	107	65	59	43	94	68	8	107	72	88	91	100	20	72	111	117	31	
117	48	70	59	19	80	0	76	41	96	84	94	108	97	56	25	97	91	87	28	71	65	63	101	59	102	31	92	89	54	49	67	75	87	122	75	54	73	39	76	77	112	104	115	69	66	62	88	66	99	
20	103	117	100	105	88	20	0	40	102	95	79	103	108	68	6	88	72	74	40	66	67	71	113	54	103	17	108	95	40	30	78	64	68	114	79	46	57	45	86	86	123	96	117	76	51	74	105	68	117	
53	121	70	33	37	88	36	66	0	50	58	97	54	50	54	69	62	109	110	56	47	100	118	74	100	121	78	67	60	49	88	18	87	47	111	19	27	75	80	90	55	78	49	67	95	70	24	95	63	56	
109	51	84	33	56	99	93	117	78	0	74	49	94	78	36	51	105	89	80	84	100	54	58	91	100	44	39	59	84	110	28	77	123	59	52	87	102	54	63	101	68	92	66	37	113	94	93	104	116	78	
35	68	21	56	114	70	87	72	86	73	0	73	85	41	89	89	59	90	112	38	70	89	55	95	111	88	86	66	23	106	64	88	61	103	72	39	88	102	46	74	119	71	37	75	48	72	105	40	115	26	
68	87	47	106	78	18	93	89	65	79	109	0	100	80	104	88	104	30	111	111	50	112	112	105	82	69	93	101	109	10	65	48	83	67	108	92	108	45	97	66	100	81	106	49	63	40	93	106	42	95	
56	94	66	18	54	59	80	38	13	56	97	75	0	15	110	115	71	103	43	96	89	50	78	48	77	12	33	93	65	78	100	112	26	70	50	85	120	49	64	45	90	32	57	58	54	77	74	66	53	87	
5	100	103	56	96	55	121	109	120	82	65	83	70	0	95	115	24	44	69	78	74	52	51	53	58	60	81	85	50	42	110	123	70	121	43	43	60	90	97	54	68	55	85	61	39	21	62	9	91	53	
81	123	88	117	104	86	110	62	71	60	83	70	44	32	0	111	48	40	55	107	68	24	73	61	54	36	82	88	20	40	121	109	62	123	31	46	61	65	81	26	73	85	92	80	19	41	74	38	114	83	
7	94	55	49	98	29	83	105	91	76	88	39	111	98	106	0	97	103	94	41	42	85	47	110	120	114	72	60	114	79	109	48	48	99	120	99	47	72	61	109	85	107	69	112	107	92	110	88	59	53	
97	69	74	11	75	20	100	49	67	72	19	74	79	81	92	29	0	108	69	40	59	85	63	104	117	123	49	55	93	104	108	28	54	113	117	96	22	51	33	86	106	92	81	88	115	76	90	98	67	37	
85	29	66	7	67	27	78	87	92	101	63	31	114	121	55	70	76	0	45	100	120	118	74	66	111	116	41	37	82	65	34	85	48	97	80	37	90	73	92	51	54	69	82	36	85	36	23	54	27	104	
106	104	45	41	107	53	77	115	119	72	101	68	103	92	12	111	99	96	0	47	110	78	56	92	77	112	121	102	29	86	84	31	101	31	62	77	13	85	51	115	76	76	86	98	97	64	76	92	101	113	
105	65	71	117	110	42	65	39	72	76	35	57	113	113	48	121	33	79	121	0	112	62	93	74	64	32	100	102	106	115	43	113	44	106	107	113	114	54	114	75	76	72	67	44	48	100	122	70	72	10	
72	43	90	74	104	95	92	89	85	107	43	77	87	100	96	55	120	92	86	103	0	62	75	33	105	101	117	71	17	24	109	117	88	50	63	108	104	107	49	65	36	36	48	74	111	50	38	98	78	105	
108	97	123	105	52	48	102	85	80	80	37	62	62	73	32	93	8	113	118	99	68	0	108	47	73	40	84	21	68	68	115	52	77	97	111	88	43	70	98	22	44	71	110	24	55	50	79	39	13	117	
83	94	73	46	53	45	96	26	15	45	34	40	72	60	106	76	72	123	102	68	105	50	0	6	41	79	39	44	20	91	113	49	96	115	117	106	80	73	68	39	44	81	119	42	34	48	53	75	51	77	
91	23	59	100	67	118	80	44	30	40	82	40	62	59	109	66	65	112	93	55	84	94	71	0	32	118	50	78	85	92	67	91	106	77	86	86	85	91	121	82	74	32	63	105	90	73	86	84	81	65	
40	77	20	88	91	21	86	63	47	7	69	51	95	96	18	94	122	121	108	79	52	51	105	105	0	63	93	30	119	114	77	71	9	97	106	40	98	117	38	102	104	108	44	105	51	79	42	22	74	44	
66	55	61	16	59	86	10	74	70	67	75	53	68	78	27	92	76	113	120	107	47	33	113	113	115	0	121	110	67	56	61	77	113	93	108	115	36	57	91	17	17	69	97	84	120	107	102	120	78	87	
45	123	65	55	15	76	89	52	59	68	32	85	17	12	102	37	106	67	60	33	80	78	94	90	85	35	0	94	80	57	91	45	117	75	99	81	5	28	72	23	46	39	80	108	107	86	98	112	45	66	
13	104	92	76	53	86	73	84	75	58	101	62	88	87	123	35	85	108	86	50	93	53	123	123	120	74	63	0	52	24	55	106	104	99	119	98	61	42	77	48	23	91	63	56	45	88	84	63	70	4	
113	57	116	72	16	62	28	70	70	100	72	91	21	20	112	113	52	109	115	116	75	121	38	36	12	67	61	87	0	103	86	108	28	108	75	21	89	104	68	79	96	108	110	110	103	8	91	41	111	86	
43	68	108	116	118	100	96	22	35	54	55	47	58	51	101	94	81	83	71	54	77	101	107	104	113	71	59	63	89	0	34	29	77	26	60	84	74	90	35	77	88	71	84	111	115	95	23	106	113	92	
80	109	59	88	71	31	76	81	94	61	57	29	76	74	47	101	19	102	79	69	113	83	46	42	60	18	105	75	58	51	0	30	75	39	92	82	27	98	29	111	44	92	56	76	105	102	38	80	92	47	
6	100	62	44	87	54	84	93	83	85	99	89	29	27	107	123	98	27	68	39	80	91	104	99	99	110	115	88	58	67	66	0	74	44	112	107	63	86	43	77	60	36	51	35	83	91	83	60	82	42	
42	90	110	53	83	121	70	67	36	43	79	114	59	68	101	82	98	24	25	54	118	96	111	108	113	112	34	94	119	83	80	71	0	79	77	75	75	30	98	91	14	77	66	68	72	30	61	101	114	80	
66	118	117	58	47	30	87	92	75	93	92	114	67	69	54	86	119	79	113	118	13	50	94	94	65	68	100	36	34	82	95	114	119	0	103	65	86	116	123	92	112	87	121	74	65	123	88	63	35	53	
106	119	85	81	72	97	64	49	37	74	121	61	80	91	68	82	95	100	116	82	100	80	63	64	42	86	66	102	72	121	102	95	42	114	0	77	52	43	26	107	15	38	64	56	50	75	66	108	109	115	
14	90	75	8	72	13	89	74	80	58	46	92	36	44	65	80	42	74	112	108	86	31	108	104	101	112	30	83	38	101	122	117	79	66	60	0	12	24	41	105	56	53	114	45	26	81	48	83	105	116	
23	121	61	90	95	30	95	121	118	118	89	23	116	121	113	68	92	65	71	47	69	80	31	32	1	63	108	101	84	56	78	85	121	61	117	69	0	54	98	50	71	99	60	46	76	31	84	66	88	86	
11	92	33	88	90	100	89	112	98	78	104	59	60	59	66	101	39	112	117	75	97	90	63	61	37	45	82	107	99	119	92	99	28	69	40	86	77	0	104	52	52	111	75	34	112	71	37	57	52	47	
111	114	45	110	110	71	20	81	62	45	69	22	105	92	88	91	61	96	113	68	100	58	74	78	92	71	101	56	83	43	27	44	43	52	120	101	97	96	0	66	99	58	39	103	104	46	93	40	90	115	
1	100	117	86	88	90	73	19	57	63	75	94	63	69	41	108	116	117	105	79	74	56	72	72	92	110	74	43	46	102	104	80	7	80	67	47	43	81	100	0	3	77	80	38	76	75	36	101	75	86	
89	62	108	58	43	103	94	122	116	106	107	86	112	105	36	94	30	103	63	68	73	64	50	49	71	42	120	86	50	119	93	84	66	41	82	40	40	48	112	51	0	61	107	56	93	39	61	64	117	82	
42	72	5	71	56	22	75	100	65	105	107	64	56	47	91	119	25	113	69	102	123	109	119	117	108	111	120	29	72	108	120	113	98	24	87	73	66	32	114	89	90	0	118	82	35	93	88	122	97	58	
2	99	68	70	38	84	16	72	110	106	98	91	28	15	92	26	98	82	73	58	113	58	62	63	62	26	116	39	33	107	78	77	106	44	60	22	28	65	61	18	19	59	0	101	58	112	70	84	63	77	
29	89	27	47	26	76	120	65	41	26	54	99	68	81	74	96	123	59	56	79	110	112	112	111	103	122	16	83	101	47	55	36	49	77	93	118	111	67	67	43	42	46	122	0	94	102	64	84	108	108	
49	109	50	118	107	34	79	107	104	119	46	54	58	59	106	37	73	104	123	109	62	11	98	99	120	123	107	69	77	117	109	104	43	96	17	86	86	47	116	116	116	101	70	83	0	60	78	119	29	55	
123	87	83	46	97	103	50	105	113	97	48	46	69	79	63	110	101	71	109	69	68	11	102	98	69	79	47	65	49	108	90	82	70	69	54	61	64	100	73	90	90	32	90	76	96	0	55	93	77	55	
2	100	106	121	84	66	84	92	79	93	57	68	98	110	51	91	31	102	65	57	84	121	94	95	77	53	94	38	20	85	116	113	72	110	60	18	25	41	108	93	93	115	85	87	63	42	0	58	110	70	
29	86	82	74	36	89	55	110	84	99	31	64	92	94	70	93	98	29	22	67	99	91	116	111	83	123	50	53	6	98	83	72	113	113	12	87	95	62	54	38	36	95	63	66	110	122	112	0	40	117	
67	109	74	93	72	52	78	33	23	54	27	54	122	108	118	122	62	85	107	108	49	39	79	77	54	82	111	35	63	48	35	13	80	53	107	61	70	58	97	105	106	75	48	109	41	79	52	97	0	26	
33	88	51	52	63	94	103	94	121	85	35	71	37	29	98	62	84	91	58	25	108	117	46	45	54	85	52	47	83	39	24	25	54	43	104	89	95	64	122	109	108	114	79	92	99	68	33	63	53	0	

0	39	43	111	8	26	89	19	34	111	36	88	14	39	94	109	81	66	54	121	47	1	18	120	23	15	26	60	122	99	74	86	14	116	73	64	61	81	2	15	111	37	22	44	118	116	29	118	101	3	
116	0	88	7	121	94	91	113	89	82	97	55	119	86	35	83	123	107	97	122	115	116	108	26	100	102	111	102	29	76	69	111	103	43	97	62	92	42	115	107	69	122	96	78	34	63	116	121	121	115	
115	100	0	100	85	56	69	77	118	32	40	50	43	107	102	59	73	38	9	95	36	82	58	99	80	56	64	65	123	93	49	97	118	72	27	51	54	68	100	52	119	122	44	93	78	123	45	61	29	41	
94	96	122	0	106	76	118	120	94	103	96	80	83	102	78	123	86	100	114	116	118	72	88	94	85	107	110	106	89	47	100	58	13	65	105	73	93	97	116	74	82	63	93	79	71	70	88	111	119	96	
49	28	112	118	0	59	16	123	118	105	105	50	85	58	52	121	46	26	37	29	84	50	72	101	91	100	26	113	93	102	25	92	112	100	114	104	57	61	30	49	73	79	110	51	75	115	107	20	19	116	
116	113	48	65	118	0	121	42	32	14	103	109	105	74	81	93	119	119	100	98	63	112	108	109	30	96	108	51	43	39	115	60	70	20	84	37	105	112	106	84	108	109	83	98	95	106	99	112	109	54	
67	104	101	120	62	81	0	121	102	78	119	97	91	75	51	37	83	100	61	100	94	73	33	77	78	115	121	67	93	75	96	62	18	84	99	96	25	44	110	68	56	67	115	52	20	55	76	49	123	95	
41	10	83	86	34	72	65	0	107	68	81	65	88	22	52	40	118	56	60	121	65	82	43	43	121	123	67	122	30	82	53	9	71	117	119	51	67	83	117	61	83	106	94	32	71	81	59	30	91	69	
11	40	52	74	36	24	112	92	0	94	18	41	33	98	51	85	115	65	101	85	83	52	120	110	120	48	65	90	64	12	95	89	101	96	118	117	28	29	86	40	36	78	121	90	62	78	105	107	74	86	
63	26	83	24	122	114	55	95	82	0	91	83	56	105	32	116	100	95	50	57	101	46	86	120	115	43	84	50	20	83	20	111	104	38	92	107	75	91	103	43	57	120	79	47	80	36	35	87	76	115	
106	90	30	111	12	60	78	60	54	100	0	89	77	36	89	51	15	6	92	52	120	112	29	39	75	97	33	85	99	22	112	112	122	71	97	73	122	106	97	83	66	49	50	120	65	93	119	65	70	84	
29	57	59	59	75	70	66	93	30	108	95	0	68	117	11	123	102	92	107	101	53	108	74	82	65	3	70	83	46	74	43	58	30	118	17	47	47	112	73	15	85	53	98	29	73	118	75	109	76	73	
97	85	17	98	118	117	27	106	62	96	26	90	0	81	94	96	71	123	39	111	85	119	120	15	28	91	109	48	111	64	73	103	62	77	93	113	81	25	21	97	51	108	91	85	38	85	29	91	91	114	
61	58	92	42	77	68	77	53	55	59	44	50	66	0	105	92	41	79	98	107	102	69	68	61	76	41	121	93	48	97	26	103	54	121	81	100	31	56	59	67	39	81	66	81	37	36	76	51	45	65	
47	19	105	31	99	106	36	88	79	39	98	95	76	84	0	100	97	20	103	39	89	120	41	76	64	75	48	78	99	101	75	117	68	38	109	86	69	40	67	95	51	52	37	6	64	66	32	113	123	81	
81	69	74	31	94	40	99	73	71	72	73	69	86	79	114	0	109	102	52	109	108	116	74	103	90	64	85	73	44	36	106	13	68	104	29	45	63	114	81	39	67	116	89	115	74	98	86	83	13	107	
71	89	76	117	92	40	88	67	92	41	56	101	45	119	111	55	0	104	6	103	66	96	90	96	95	44	112	110	43	37	102	51	21	80	79	44	68	74	74	61	76	79	50	119	96	73	77	42	56	80	
118	111	34	74	103	103	45	118	100	7	95	66	69	21	93	65	118	0	119	35	119	103	89	82	91	99	14	35	122	88	110	90	119	93	116	112	53	69	98	106	105	77	95	87	80	96	112	121	111	67	
103	116	96	7	106	67	74	49	111	77	102	95	71	33	111	71	60	109	0	86	107	79	50	108	120	86	117	110	101	91	51	65	115	67	82	74	122	80	17	11	95	120	86	50	51	78	68	99	24	70	
27	54	53	101	97	106	41	94	117	82	94	8	63	98	26	81	50	104	43	0	121	120	28	98	105	82	93	79	76	59	63	72	104	45	58	86	113	82	39	51	109	110	90	41	55	101	61	66	55	83	
44	27	85	76	109	51	108	47	104	78	55	105	42	120	120	62	81	93	68	19	0	111	17	99	96	73	93	76	78	75	67	86	112	62	59	99	108	81	43	42	92	95	102	57	43	111	53	82	42	81	
55	75	99	4	105	75	100	78	72	68	90	114	71	54	77	27	90	31	121	78	72	0	70	49	66	41	79	69	50	106	98	88	70	111	33	79	61	86	45	73	106	75	86	54	37	88	31	77	81	120	
71	43	56	72	88	50	73	66	113	41	55	122	79	14	99	5	110	115	31	60	116	115	0	122	119	108	100	74	91	12	99	75	74	120	111	63	75	120	100	54	31	111	117	84	104	117	109	70	85	90	
90	99	82	110	84	76	74	49	86	20	75	65	46	68	64	48	63	79	69	81	50	80	95	0	50	91	77	31	91	102	89	57	45	109	83	107	69	97	26	44	72	84	74	78	117	121	106	80	47	110	
96	108	110	68	49	19	115	46	69	73	41	62	7	81	97	98	104	31	100	78	46	90	79	72	0	80	15	88	101	88	63	39	44	66	24	53	113	64	73	91	76	110	81	9	84	73	40	39	40	42	
41	61	56	55	58	89	84	99	63	111	56	87	42	86	123	55	119	72	87	59	95	112	118	12	40	0	53	89	83	104	67	13	55	50	62	40	115	101	75	76	69	104	74	39	74	108	75	14	71	67	
39	32	86	95	56	8	122	71	59	101	58	58	50	57	99	39	99	51	121	84	40	120	56	112	93	82	0	95	47	98	103	89	95	90	88	105	81	119	34	41	38	69	47	119	78	114	93	84	27	84	
36	14	81	99	79	22	102	119	38	92	43	80	112	38	79	107	92	72	50	102	81	105	107	46	22	59	83	0	60	45	29	30	39	35	87	70	29	55	71	112	118	109	110	37	27	39	46	66	61	21	
106	123	68	122	77	120	70	69	90	41	61	33	49	110	45	61	58	108	75	76	119	60	56	119	85	29	34	86	0	89	59	65	85	96	68	49	105	105	76	94	70	106	37	91	80	69	78	98	116	97	
8	44	91	116	78	66	98	44	91	60	61	37	86	95	64	56	101	4	118	123	104	89	93	116	69	69	101	19	56	0	46	101	89	100	102	103	58	110	72	66	29	70	82	92	67	99	83	111	107	67	
119	96	33	113	20	73	92	122	23	82	62	107	111	94	111	108	79	102	70	37	98	70	33	108	87	75	50	85	82	55	0	70	95	60	95	103	39	66	37	17	81	71	109	119	19	121	72	76	87	62	
50	36	72	36	120	106	51	84	47	92	34	63	46	66	53	53	93	44	107	46	97	61	75	83	81	47	51	85	76	106	82	0	73	62	114	40	99	109	67	75	92	85	68	51	83	114	42	46	104	65	
18	26	111	25	100	119	37	115	37	74	73	101	83	13	97	95	70	85	63	41	90	58	28	97	81	49	36	115	89	97	118	100	0	95	103	121	78	26	112	27	24	30	79	69	93	70	81	69	53	73	
12	31	64	112	91	111	55	117	115	59	57	94	41	89	57	86	82	39	89	80	65	60	105	46	73	85	116	120	77	111	89	108	101	0	69	39	113	116	82	106	114	115	76	114	22	70	111	95	77	56	
38	18	73	101	88	108	109	43	78	41	77	109	80	112	66	107	119	43	106	65	102	36	83	64	41	58	24	83	95	17	57	109	68	111	0	95	67	108	58	31	72	43	122	37	98	80	76	58	106	94	
67	93	57	59	48	71	84	59	78	24	94	50	31	83	26	117	76	80	49	106	121	79	100	92	88	94	119	38	36	89	112	56	91	69	119	0	54	91	123	104	91	94	5	92	113	65	98	101	52	118	
14	36	84	99	28	82	73	69	79	35	78	26	91	36	90	87	113	72	88	91	69	115	96	123	95	120	80	91	95	49	47	43	61	107	90	15	0	89	113	113	81	91	12	80	105	61	92	91	50	122	
86	63	31	116	40	94	89	90	116	121	61	65	84	84	94	16	122	31	94	98	75	99	118	75	94	113	92	52	83	43	11	77	26	110	111	92	70	0	55	112	86	50	80	27	44	73	52	25	112	55	
108	108	41	112	36	68	70	80	78	115	32	61	80	49	96	50	75	123	107	32	90	61	82	74	97	22	34	77	58	79	41	41	40	63	13	83	123	51	0	83	81	49	31	43	31	54	71	54	78	27	
51	25	108	37	118	103	87	115	27	89	95	96	77	31	122	84	109	34	96	45	96	96	120	61	60	74	54	63	80	68	71	51	37	68	37	88	109	37	23	0	68	49	30	29	11	72	55	38	67	29	
14	28	97	104	40	45	119	123	112	107	72	75	88	75	75	65	49	69	76	81	54	68	110	48	79	73	22	102	96	38	48	51	68	57	37	77	78	61	74	111	0	110	115	90	101	78	62	99	65	119	
58	59	89	71	84	86	105	120	51	98	21	94	110	109	104	68	57	78	66	88	47	122	111	16	46	108	106	66	34	78	33	49	34	101	37	90	41	121	75	80	57	0	97	56	73	72	84	106	79	120	
33	48	122	76	69	25	116	57	90	75	73	106	75	123	47	114	50	95	104	46	108	72	105	63	76	67	73	73	110	56	100	51	28	71	7	94	107	95	108	30	74	101	0	121	64	97	50	43	107	53	
48	20	106	83	72	89	87	68	85	51	65	47	28	60	98	77	120	74	96	73	68	72	110	18	66	15	62	49	101	83	55	24	91	21	52	107	99	68	93	102	96	71	57	0	97	119	91	43	90	7	
98	73	38	110	90	108	46	119	118	39	92	5	70	68	118	54	99	37	110	56	71	115	79	71	70	83	117	109	97	69	40	78	34	64	10	89	41	116	88	49	29	100	26	108	0	30	46	83	29	103	
42	76	90	98	45	70	81	69	105	45	121	117	73	19	88	27	116	93	38	78	118	18	83	72	73	48	28	96	57	84	117	61	52	100	117	33	69	45	65	68	46	106	113	123	40	0	19	111	52	76	
64	93	76	68	41	61	87	103	102	30	63	32	62	32	91	77	95	51	104	71	91	28	49	86	102	24	59	81	52	113	116	54	28	76	12	99	80	84	99	55	40	115	87	101	19	15	0	106	51	70	
93	66	97	117	78	34	93	39	81	25	94	36	76	119	81	123	67	100	27	71	106	11	65	120	109	50	74	27	49	77	32	44	45	84	76	119	93	92	40	108	103	123	33	107	32	16	22	0	57	88	
110	92	46	89	115	110	67	69	83	100	25	110	107	96	106	90	27	98	58	82	122	34	62	95	61	47	13	100	47	87	52	74	40	107	87	109	83	56	60	44	26	107	41	115	121	100	96	78	0	13	
46	69	48	89	44	42	118	91	82	16	103	118	62	116	105	9	112	18	104	98	81	39	57	107	78	4	51	56	82	79	70	23	71	45	41	95	51	81	81	123	90	47	83	110	111	89	89	47	37	0	

0	54	94	69	5	58	121	23	61	57	10	38	69	17	104	64	83	24	44	51	10	23	51	35	76	80	112	28	100	77	80	53	8	50	41	12	107	81	77	87	14	7	45	2	23	25	66	105	91	29	
75	0	96	39	71	93	77	77	119	47	76	54	87	70	120	66	66	75	49	26	67	63	52	104	117	71	90	77	120	48	99	77	73	89	42	74	108	117	59	118	82	77	53	75	85	69	111	114	67	47	
102	102	0	111	100	32	106	99	118	88	61	88	25	73	94	46	56	90	60	119	68	40	106	41	87	38	107	87	51	79	111	94	104	74	84	43	114	119	90	33	31	52	97	116	107	54	26	29	106	84	
23	47	93	0	88	70	28	33	81	75	62	50	110	106	83	83	56	91	50	72	73	112	73	56	42	74	61	24	84	32	60	121	65	85	14	85	29	110	7	68	74	77	81	96	60	62	92	120	65	108	
63	53	52	98	0	60	102	120	121	104	42	68	63	78	32	96	60	102	114	99	115	87	47	104	62	98	69	112	72	97	120	58	37	116	107	95	120	101	96	77	98	103	26	25	112	90	8	105	123	53	
21	62	111	25	93	0	37	80	31	90	118	96	59	44	119	7	65	18	74	111	92	111	121	19	122	80	114	39	31	68	78	52	115	62	45	89	111	112	113	27	79	104	113	107	20	102	96	42	99	46	
123	97	25	116	83	65	0	47	48	46	118	43	49	106	95	64	46	62	18	87	104	96	96	79	95	33	98	71	50	56	51	71	78	32	86	109	92	86	104	80	50	69	98	103	71	41	110	85	36	41	
39	64	67	85	20	77	88	0	49	59	74	62	111	98	46	80	73	34	104	40	28	11	48	37	64	68	61	112	112	79	44	122	46	95	76	59	110	25	68	62	87	121	15	71	26	81	77	27	98	91	
45	55	97	123	85	60	75	65	0	93	54	14	90	110	89	46	19	48	60	100	70	65	56	63	105	92	30	86	91	82	90	100	67	55	38	48	92	67	80	20	34	102	53	82	64	115	43	40	69	69	
78	84	116	60	89	42	12	56	64	0	79	58	37	107	104	67	48	47	47	86	120	63	77	93	63	59	38	44	94	95	80	49	59	80	54	74	87	79	121	55	66	88	20	94	47	76	58	62	44	12	
73	29	81	116	78	109	95	112	98	73	0	18	61	69	85	66	118	30	106	51	83	120	58	104	77	46	91	114	91	37	117	34	96	54	123	98	72	74	110	39	32	47	58	22	100	117	123	59	50	71	
53	93	37	122	114	75	108	96	89	60	76	0	78	45	98	123	87	101	103	70	37	57	99	66	10	40	97	91	22	93	62	84	115	108	90	100	42	74	112	98	68	67	43	90	66	87	86	63	53	76	
114	66	35	84	115	78	77	99	107	31	102	91	0	68	63	72	36	61	53	63	63	112	36	31	84	71	98	102	77	55	52	76	29	87	98	64	86	29	33	36	49	40	120	23	70	38	28	109	75	74	
78	74	119	32	106	117	90	107	80	63	21	15	71	0	88	34	64	78	45	88	34	46	50	60	108	60	51	42	53	60	47	107	76	69	77	32	103	57	41	90	92	59	66	59	49	85	90	56	29	118	
11	60	50	82	49	89	88	103	107	61	86	71	52	61	0	66	65	18	39	31	62	76	44	113	81	2	61	54	39	117	101	75	123	99	37	31	72	75	63	96	109	104	46	110	46	68	53	28	47	115	
90	47	60	118	104	95	118	106	115	38	74	70	62	41	53	0	93	69	35	25	37	90	17	63	33	52	50	87	55	80	73	121	76	49	64	30	50	92	86	72	97	70	60	92	10	32	7	66	16	103	
48	87	86	40	55	34	27	67	40	91	74	68	16	80	26	49	0	71	48	39	58	111	53	23	25	24	52	47	73	96	90	87	73	62	80	72	4	45	63	105	104	78	83	123	54	40	45	110	44	61	
22	62	54	77	81	121	118	119	77	31	57	44	77	87	63	43	106	0	87	100	52	105	108	112	106	108	76	64	68	70	109	76	40	49	38	44	106	78	85	30	38	69	78	107	116	113	66	96	114	116	
113	108	13	102	55	109	83	70	77	78	27	17	67	123	73	14	93	46	0	122	91	94	78	107	98	84	103	102	56	72	104	44	8	88	66	67	89	51	73	59	15	67	102	67	97	109	81	123	82	100	
35	24	88	43	101	78	85	65	110	52	116	122	52	17	94	119	28	57	102	0	120	52	30	31	30	64	23	92	59	64	15	61	107	113	79	105	97	65	92	118	106	121	93	95	99	69	53	70	62	47	
37	81	44	105	26	72	94	54	89	41	103	97	45	74	64	98	29	45	70	75	0	92	53	58	81	105	63	84	53	92	85	122	65	90	18	47	40	66	20	48	37	47	62	25	115	62	53	32	48	50	
22	69	93	38	114	69	69	28	43	94	97	91	17	81	101	96	97	112	94	102	45	0	92	56	38	75	72	102	47	87	51	87	70	113	53	27	43	44	58	64	20	49	80	54	108	61	87	26	60	31	
16	55	98	104	105	83	93	83	47	87	99	85	28	41	86	22	106	53	75	68	98	94	0	78	78	115	113	10	73	23	91	70	31	52	104	81	102	103	62	81	77	69	95	58	53	112	105	99	88	91	
79	31	115	49	106	75	92	83	91	12	77	77	19	65	99	60	94	118	110	21	112	87	39	0	70	85	113	31	45	52	70	65	67	25	98	87	66	72	94	54	90	76	109	75	17	122	71	93	118	121	
80	37	117	83	75	115	100	83	75	115	45	56	123	123	36	73	51	91	92	61	61	121	122	101	0	74	33	79	63	59	62	121	107	90	8	90	89	47	98	67	68	90	75	32	104	104	73	55	94	121	
42	90	32	88	107	118	104	79	59	115	75	74	87	66	55	21	110	102	73	85	57	81	111	67	85	0	75	113	120	44	97	92	111	9	82	121	91	108	91	102	48	69	71	65	119	91	32	47	34	55	
33	49	102	122	89	75	107	61	79	70	88	97	50	70	61	119	104	56	41	85	58	50	113	122	123	72	0	61	56	51	103	65	88	68	67	94	62	114	90	53	48	116	43	15	103	99	63	96	54	40	
113	123	74	45	114	111	81	45	79	49	110	96	28	61	60	122	69	39	102	33	89	16	93	17	65	83	73	0	69	52	109	19	80	72	122	40	66	61	58	117	105	72	44	86	50	86	104	27	92	101	
75	40	114	72	114	93	89	123	82	14	80	86	44	61	54	51	80	118	84	99	37	67	53	36	35	56	39	72	0	106	38	81	80	47	100	43	54	98	119	105	118	82	70	31	39	51	47	96	37	50	
12	54	51	83	90	47	35	55	35	123	76	73	103	65	60	99	51	29	96	114	82	55	48	54	89	92	40	84	67	0	78	57	35	96	41	44	87	88	68	50	104	102	44	54	52	95	46	76	87	84	
87	106	36	122	82	69	57	98	102	76	26	29	68	10	86	66	79	58	121	107	21	78	68	63	99	68	121	92	114	22	0	70	35	78	38	64	74	101	56	38	87	85	54	59	39	84	32	85	73	72	
27	36	120	13	77	33	35	14	43	87	116	117	93	36	67	105	15	77	39	87	117	93	111	100	91	51	90	108	41	114	78	0	83	2	72	86	56	115	65	44	20	84	106	66	65	108	57	91	95	113	
121	106	11	117	47	47	16	40	48	66	118	115	53	63	122	94	37	89	114	59	122	99	98	48	47	80	8	59	40	79	25	73	0	73	15	119	64	56	89	85	64	121	69	108	120	68	121	23	112	118	
16	65	109	82	56	5	37	25	68	33	48	61	48	38	66	107	15	71	94	72	115	118	93	48	24	58	120	84	50	72	34	91	74	0	85	79	27	55	91	83	61	92	120	42	76	115	65	72	102	73	
55	107	35	77	42	82	114	113	86	28	71	80	115	83	94	54	55	25	63	82	109	120	42	49	41	84	81	97	65	103	112	79	45	68	0	118	47	112	30	82	86	56	77	43	88	69	36	77	44	43	
104	92	95	118	79	44	52	13	51	87	114	117	60	61	72	57	78	45	91	43	81	40	68	45	63	94	46	49	101	52	73	10	74	11	94	0	74	23	104	75	101	95	59	59	7	88	62	123	72	77	
86	87	68	102	23	51	70	58	61	72	22	24	100	82	66	62	48	24	73	63	95	99	74	27	86	58	115	93	50	103	52	84	43	62	41	79	0	61	58	10	66	100	68	118	81	20	101	99	122	109	
23	41	113	12	85	88	108	110	101	74	106	101	108	96	114	57	88	37	63	122	102	40	58	68	121	51	67	104	65	50	49	102	26	61	93	108	62	0	12	59	18	48	106	90	38	58	75	67	63	110	
8	47	106	99	31	42	65	25	67	47	93	80	80	23	106	85	50	52	89	114	46	111	20	71	122	110	77	92	39	103	52	48	104	118	42	120	94	65	0	93	78	97	105	77	88	53	91	85	26	112	
123	71	33	102	119	73	97	95	75	94	108	120	60	88	20	61	58	53	75	53	71	49	79	84	106	108	42	75	15	118	43	62	95	56	30	115	63	65	73	0	81	121	49	121	39	40	36	89	71	99	
30	36	74	57	40	22	57	100	61	58	104	108	68	4	86	36	91	52	42	88	112	38	63	37	104	79	57	70	118	15	76	104	111	107	78	78	17	45	38	91	0	87	48	63	64	60	87	59	49	117	
109	73	40	81	100	99	83	108	77	81	35	23	97	44	114	76	112	93	28	117	29	65	81	61	115	88	60	43	31	97	32	94	70	64	42	107	67	97	88	24	92	0	69	54	68	73	84	105	47	46	
106	104	23	120	54	80	52	9	44	61	101	104	92	101	115	51	68	94	64	82	117	46	119	113	110	108	96	73	38	114	55	110	74	94	25	99	95	81	81	17	71	69	0	47	89	13	70	98	64	82	
90	101	8	108	51	51	20	58	71	23	98	105	73	23	81	39	95	93	28	110	96	88	69	102	38	65	119	123	89	86	76	104	103	110	37	117	96	40	30	102	34	94	38	0	119	44	68	79	93	113	
41	40	113	37	57	73	52	76	55	44	104	96	106	75	62	16	82	20	78	56	90	42	101	36	53	49	57	31	52	69	98	106	112	59	66	54	45	70	71	43	82	68	85	41	0	21	82	58	76	114	
52	58	106	97	115	79	65	35	68	86	90	103	52	80	26	70	59	16	94	43	80	109	40	80	25	58	96	42	107	88	114	101	97	85	71	61	89	33	27	71	50	103	102	104	100	0	121	60	77	94	
38	45	102	105	64	54	45	83	123	43	64	62	118	96	37	94	43	109	79	101	53	44	81	109	96	34	63	92	106	103	53	29	76	103	44	119	56	69	79	26	74	68	75	100	95	77	0	55	86	58	
118	106	81	33	87	48	79	60	22	91	93	107	116	49	120	115	92	39	68	67	88	56	103	78	31	53	77	58	21	109	69	84	53	77	23	102	62	60	53	98	95	62	114	113	113	102	42	0	62	96	
105	66	54	106	70	87	84	68	61	95	60	44	63	107	48	108	54	26	99	33	89	52	74	12	60	18	64	13	73	52	57	44	121	51	116	62	82	73	66	52	72	32	67	92	79	76	110	110	0	58	
117	115	104	16	102	89	80	91	103	104	42	38	74	88	17	58	122	72	46	89	89	122	100	45	29	95	80	72	7	102	43	107	57	90	111	49	81	25	18	84	118	80	99	117	41	31	93	93	98	0	

0	93	24	94	47	46	101	44	99	25	87	49	49	36	116	28	114	31	91	34	59	21	52	70	102	34	12	110	75	35	57	49	4	123	63	93	45	40	14	63	107	20	111	33	55	104	103	88	54	113	
42	0	57	58	57	24	107	46	68	59	69	31	81	27	77	40	121	15	83	63	72	22	63	61	63	24	34	80	99	13	16	23	43	88	87	110	57	42	42	23	116	26	110	27	45	94	120	105	28	93	
4	95	0	93	51	79	31	94	72	121	43	113	47	99	76	97	71	91	103	36	114	103	119	119	70	106	106	67	103	102	99	94	59	26	19	30	115	54	60	83	31	104	96	83	90	35	55	122	71	62	
29	78	44	0	68	80	67	60	107	81	52	97	64	71	35	58	29	48	102	25	113	69	99	78	76	71	72	58	121	121	118	114	91	22	55	16	76	20	61	52	14	120	96	50	84	56	64	93	104	26	
92	54	24	85	0	99	111	77	59	20	104	108	48	62	117	111	98	66	97	65	106	42	84	58	112	67	46	90	45	45	46	37	28	86	57	96	27	97	29	65	97	90	89	97	35	99	24	19	99	96	
11	102	88	94	39	0	103	95	91	40	93	118	68	30	111	95	94	32	74	40	108	39	88	74	118	32	11	64	18	41	43	66	52	59	58	69	30	112	54	58	103	120	90	106	64	101	58	50	88	102	
67	92	99	78	34	88	0	95	46	81	112	47	80	107	32	42	28	72	19	114	27	71	23	97	112	71	80	104	81	51	57	89	74	38	116	65	65	25	99	118	69	57	113	94	71	37	58	114	75	82	
26	75	66	34	74	81	38	0	36	62	99	69	74	120	49	26	54	75	24	122	26	48	28	105	84	55	89	79	105	49	26	64	63	69	87	74	35	15	106	118	105	82	119	103	78	34	29	116	94	95	
95	55	91	29	74	47	113	102	0	70	56	47	81	32	102	88	115	108	79	45	115	123	102	115	42	86	22	73	68	78	89	65	91	47	107	34	97	112	91	112	42	71	81	72	106	115	84	58	61	95	
31	116	88	74	10	91	97	60	87	0	123	72	87	86	49	31	69	88	71	74	114	89	119	47	84	31	82	107	83	34	88	26	53	79	88	107	74	54	7	39	113	101	12	64	119	100	33	56	73	16	
6	89	94	119	118	28	111	45	36	45	0	92	110	89	60	57	53	110	78	114	120	98	89	72	80	71	119	90	71	49	49	31	84	37	82	106	74	96	47	66	118	116	39	30	90	62	57	27	37	33	
78	68	99	97	48	108	19	80	75	121	103	0	31	31	120	123	117	121	56	47	121	13	67	119	33	99	35	67	119	73	94	104	74	78	92	74	44	64	120	69	62	86	66	107	81	60	67	77	73	72	
90	68	99	13	79	68	109	60	91	55	92	69	0	86	103	104	86	118	17	58	123	61	100	84	39	89	69	35	63	114	65	72	20	71	48	22	107	110	58	112	44	109	22	62	88	18	41	120	29	108	
78	110	62	97	72	75	94	58	28	83	112	52	73	0	82	90	71	107	70	79	58	118	40	106	60	87	102	94	99	47	106	13	58	26	48	73	42	73	103	96	88	120	80	19	117	77	67	104	70	99	
38	58	100	59	79	116	52	68	56	77	93	46	35	113	0	108	51	76	101	85	84	37	96	114	70	31	23	81	100	91	14	110	87	97	114	45	86	88	101	78	85	112	65	103	117	76	103	68	67	19	
107	92	83	69	70	71	99	37	6	73	63	99	118	101	64	0	46	52	86	54	87	44	114	72	88	45	66	81	95	56	66	91	86	49	77	31	90	114	69	91	83	101	111	58	62	19	78	69	64	78	
50	102	50	79	103	6	105	41	65	52	116	102	79	55	43	113	0	94	120	78	102	84	48	45	47	84	77	90	72	91	91	113	47	92	62	95	112	23	95	120	55	74	89	106	76	104	97	92	62	118	
68	53	7	87	101	114	36	114	116	110	100	78	75	57	119	15	52	0	104	107	79	55	64	59	61	78	95	81	86	118	53	101	46	104	58	120	68	60	65	98	93	55	120	93	121	123	115	57	75	69	
90	5	59	47	94	119	100	97	109	58	103	102	83	14	70	112	67	109	0	117	40	89	70	107	50	112	31	52	53	122	105	78	73	70	55	39	86	82	60	33	32	61	78	62	26	16	110	81	81	111	
63	37	48	75	46	119	44	98	78	104	88	53	37	75	57	117	116	34	72	0	99	20	89	75	73	116	82	32	88	119	78	28	44	19	52	92	32	70	50	85	89	118	51	66	57	75	45	65	108	75	
113	120	107	76	98	101	118	108	107	61	113	88	99	27	83	47	13	88	24	107	0	111	90	45	69	20	94	114	52	84	72	87	80	117	94	46	88	108	65	70	46	21	110	57	52	116	100	55	12	54	
26	75	109	71	85	103	117	120	114	70	120	44	31	71	65	99	121	30	97	121	28	0	65	48	86	28	73	89	66	64	94	91	65	105	93	56	97	83	42	80	29	31	123	59	29	95	110	50	37	39	
99	28	47	104	116	97	30	113	82	104	86	93	111	67	72	105	116	64	100	66	91	25	0	57	65	32	63	92	85	74	95	78	50	119	103	37	82	90	25	70	52	50	113	74	12	115	107	58	49	45	
103	75	101	60	65	95	67	70	81	90	55	111	91	61	68	56	81	71	104	79	65	83	54	0	79	83	12	52	34	55	93	64	66	109	99	44	90	65	36	71	47	65	91	95	53	90	73	58	12	23	
59	36	67	67	62	90	37	103	123	73	88	8	29	58	51	88	120	60	75	43	73	110	117	84	0	48	80	87	92	118	78	78	62	106	101	53	52	87	60	77	100	108	17	90	71	25	49	29	73	89	
105	85	113	59	15	94	26	99	119	100	123	39	19	73	39	112	108	68	70	74	108	58	40	94	120	0	107	95	109	45	54	43	74	73	109	87	120	63	88	106	89	63	106	72	96	107	80	110	72	59	
52	68	16	99	84	18	106	97	119	80	99	49	22	81	11	106	101	46	93	117	56	89	84	75	64	73	0	95	90	65	50	69	109	13	49	18	120	35	97	77	34	19	42	78	122	59	87	60	81	111	
84	90	67	32	91	20	102	118	102	42	100	83	91	75	78	42	43	54	96	55	102	100	60	71	26	25	107	0	28	45	93	89	87	114	107	98	47	99	51	76	113	93	73	79	103	92	56	60	35	100	
4	93	45	50	42	111	20	100	108	64	73	23	50	50	70	49	54	102	56	69	46	92	68	47	56	80	98	60	0	79	103	45	60	106	117	62	34	100	71	95	60	122	35	35	69	41	26	6	65	103	
17	83	123	72	114	70	91	22	55	109	50	68	48	107	92	57	96	23	96	121	65	114	106	93	15	41	68	36	54	0	109	50	86	91	71	85	69	101	29	58	70	120	54	26	75	65	77	54	25	90	
108	69	54	81	105	24	116	74	46	55	86	84	74	54	71	103	63	73	44	118	82	93	104	76	64	22	89	81	102	87	0	117	103	16	97	113	113	89	73	97	36	44	59	93	48	24	24	76	104	16	
74	43	57	81	61	77	81	30	56	41	87	98	72	99	90	55	27	71	108	91	119	119	87	66	90	77	58	105	105	84	83	0	105	94	21	71	90	66	17	94	116	48	97	38	96	78	83	67	93	79	
33	81	59	86	103	28	95	68	83	112	121	43	42	114	59	70	63	119	113	22	114	92	71	75	103	67	101	104	77	8	109	122	0	32	121	69	39	73	123	45	100	101	122	93	109	56	108	123	34	103	
51	123	90	41	106	45	102	121	102	58	113	30	6	89	24	112	102	13	115	57	83	123	73	86	19	53	111	95	82	16	114	111	61	0	107	68	60	15	80	99	85	95	62	72	63	6	49	64	61	50	
74	94	68	40	67	99	70	53	65	22	111	54	52	76	56	99	105	115	20	120	105	105	87	86	114	110	105	14	23	58	64	62	63	67	0	46	37	57	17	86	56	80	63	37	43	68	52	4	81	38	
13	97	62	78	16	111	36	97	92	23	106	76	67	89	98	26	32	81	108	46	119	13	76	95	83	82	87	47	33	50	102	104	75	44	110	0	116	83	117	121	94	54	51	79	102	48	60	107	36	109	
103	111	89	51	74	117	101	98	89	53	105	86	79	61	72	86	106	50	81	99	42	76	92	101	116	120	23	85	110	81	40	87	59	66	90	79	0	90	107	55	30	60	66	122	111	79	123	32	63	76	
14	85	90	35	61	98	22	113	102	121	28	86	108	105	93	108	80	114	82	120	96	76	72	110	107	68	109	30	20	83	66	82	76	104	34	62	119	0	47	122	108	71	81	9	44	57	58	100	102	58	
32	68	22	83	29	123	54	101	90	94	118	29	16	85	23	86	107	54	81	99	108	66	84	43	97	114	10	97	111	122	85	93	93	90	76	64	95	121	0	78	84	104	92	115	93	70	112	95	51	74	
108	56	58	46	28	76	90	93	110	70	86	77	106	58	70	86	123	46	103	95	20	122	79	46	113	120	14	98	98	93	44	120	42	22	94	72	77	19	53	0	49	84	119	101	97	75	103	86	36	95	
110	49	9	93	76	67	101	64	62	68	59	100	106	122	103	65	91	51	108	120	104	101	78	75	72	27	112	33	27	54	95	64	42	58	69	87	40	56	38	76	0	77	51	61	116	4	78	40	86	61	
7	89	100	68	84	72	58	49	74	56	106	20	20	98	58	80	102	22	86	57	114	30	69	75	69	73	47	65	50	78	119	106	56	28	81	75	77	25	41	84	54	0	37	38	108	51	58	17	116	56	
14	92	101	36	90	70	66	122	120	115	86	99	74	73	16	122	122	122	40	103	34	92	31	38	60	43	114	45	51	121	109	94	94	72	73	99	28	83	104	63	51	115	0	93	22	89	106	99	4	103	
52	59	60	40	56	84	63	44	63	36	98	40	35	59	107	115	79	120	23	103	46	97	83	54	90	115	66	110	84	34	110	53	113	117	63	75	116	123	102	109	65	64	80	0	61	112	103	25	80	44	
102	22	58	40	57	65	115	122	105	45	90	46	35	93	88	80	118	75	115	85	54	89	70	72	19	33	90	79	76	114	97	61	62	86	72	38	83	121	84	31	66	82	86	58	0	96	118	63	65	44	
85	47	57	93	85	61	112	70	95	56	83	108	105	29	107	68	100	40	87	68	43	108	72	30	96	113	105	50	67	78	97	31	106	92	56	33	111	35	61	35	64	71	48	94	78	0	65	90	106	110	
120	65	88	23	51	109	69	41	16	73	75	82	91	58	65	115	86	88	21	103	94	75	41	32	95	102	47	69	46	119	50	120	64	45	119	77	119	49	60	72	41	57	37	81	38	77	0	16	86	76	
40	101	59	77	59	94	93	7	36	44	85	114	122	55	78	41	13	82	29	97	24	90	27	76	87	48	114	88	85	46	73	46	106	113	46	24	122	68	113	102	54	32	32	75	38	122	108	0	117	48	
18	94	68	39	86	17	103	22	32	39	117	58	69	52	107	92	59	113	122	46	110	97	58	103	93	92	75	79	80	35	83	81	90	70	55	92	48	49	81	72	92	70	100	97	98	23	47	41	0	28	
110	20	66	123	83	94	123	80	52	82	65	62	57	57	110	121	99	72	111	69	76	94	42	70	90	123	45	122	117	40	77	45	109	97	81	75	117	99	59	34	78	67	71	80	101	49	99	98	87	0	

0	16	33	73	66	57	47	21	114	57	12	57	19	22	29	59	119	28	39	114	57	48	81	64	81	24	86	30	96	91	60	77	107	92	69	49	68	116	112	58	49	43	34	110	107	63	89	103	90	4	
13	0	27	81	61	60	57	15	123	46	20	67	11	11	19	53	115	39	35	119	64	48	75	59	69	30	86	38	94	83	54	79	115	84	59	40	75	121	101	50	55	50	24	121	108	55	98	93	98	15	
112	104	0	121	83	46	98	95	30	72	122	82	94	99	117	100	112	102	123	41	114	84	43	121	78	100	116	113	56	32	108	37	95	87	58	121	56	102	56	97	109	108	88	81	78	72	25	73	90	93	
93	105	93	0	45	94	120	29	109	43	42	109	2	74	43	90	99	34	55	65	50	91	102	88	39	74	62	89	48	75	26	82	20	12	49	86	66	65	66	101	97	76	122	103	105	43	103	30	121	73	
28	37	33	96	0	47	46	86	52	55	80	26	96	43	118	56	84	92	51	108	47	50	53	26	110	55	102	114	95	71	80	56	103	94	55	53	32	116	75	10	105	37	62	105	73	66	58	118	42	43	
18	18	11	114	116	0	84	51	122	63	46	116	34	123	36	80	89	69	92	43	104	95	80	111	104	65	123	57	119	52	74	70	54	45	77	70	88	6	85	122	82	119	83	39	50	104	92	102	114	80	
121	111	104	61	72	108	0	58	120	104	114	114	83	57	113	80	22	113	45	72	51	42	117	37	21	119	24	60	97	81	103	121	71	69	68	48	71	109	62	95	94	53	90	86	85	75	85	87	52	109	
41	30	52	101	72	74	59	0	96	57	120	120	110	76	61	40	49	121	64	27	54	85	67	77	50	122	61	65	77	121	53	84	78	73	122	102	84	88	31	80	47	62	114	62	77	56	31	120	55	89	
29	14	15	119	116	101	27	81	0	120	102	79	97	14	59	99	123	98	121	83	122	70	105	91	66	48	123	18	28	110	79	34	119	44	85	112	12	8	64	101	112	52	116	64	33	118	86	86	102	22	
118	109	109	26	53	85	51	69	67	0	106	35	106	62	102	93	84	76	120	111	102	85	90	26	112	83	92	66	52	104	23	73	57	59	106	107	71	66	54	45	79	72	95	24	40	66	24	39	42	86	
101	86	85	113	103	117	117	64	64	97	0	92	39	53	63	39	27	102	61	23	84	58	115	78	33	16	63	103	67	34	76	101	63	68	93	111	86	68	46	106	37	104	54	115	83	76	99	69	84	49	
108	103	99	82	117	77	102	74	92	92	31	0	33	44	48	67	47	77	89	35	73	47	95	105	36	29	42	92	62	48	100	119	40	94	107	91	101	86	75	98	29	87	49	86	99	78	100	63	83	46	
71	75	59	73	51	84	8	56	55	81	115	59	0	67	94	90	21	70	41	53	42	56	88	67	28	44	98	52	85	58	43	89	45	46	65	79	79	110	64	60	54	120	55	98	57	114	58	118	85	25	
14	3	27	113	105	97	107	81	34	94	29	107	82	0	85	28	88	60	81	36	52	120	111	55	74	122	41	84	36	68	60	67	119	86	37	23	109	39	96	98	122	45	61	91	82	34	39	55	14	60	
39	27	42	104	78	117	55	31	85	59	65	47	74	88	0	77	8	92	27	117	106	107	121	67	113	84	121	37	76	48	42	61	62	48	85	76	121	72	23	102	100	69	61	100	34	120	88	38	76	88	
24	11	19	108	69	104	40	88	9	122	116	57	58	112	107	0	110	37	90	36	12	8	95	79	113	110	79	110	60	120	76	107	46	70	80	42	27	41	115	52	107	79	70	67	120	59	106	99	86	38	
104	98	86	103	101	75	59	18	109	121	24	81	72	72	118	54	0	21	96	32	59	51	82	75	85	105	49	118	23	105	71	111	47	111	74	20	30	29	84	35	93	75	113	95	115	99	90	105	68	43	
88	87	89	61	64	91	71	96	116	84	75	61	67	32	87	40	102	0	122	110	90	108	116	75	96	21	92	65	84	81	55	100	108	57	85	108	101	122	120	123	48	107	74	57	80	57	39	84	40	118	
73	75	71	112	88	102	102	117	118	108	22	100	102	106	79	96	41	32	0	113	62	103	89	65	67	16	92	53	99	105	78	104	122	33	108	103	116	101	123	119	22	105	72	60	56	42	57	62	30	91	
104	102	103	108	68	22	64	74	52	99	98	73	45	75	73	44	80	89	50	0	83	118	97	39	66	58	69	4	99	83	75	106	106	42	116	68	110	99	83	123	56	63	32	100	57	32	84	60	35	94	
40	47	61	80	101	73	85	76	121	44	68	65	73	47	75	71	114	121	27	123	0	42	119	86	66	69	76	121	63	110	49	118	43	86	58	119	24	42	69	82	93	76	105	97	109	123	66	121	110	63	
24	12	17	114	114	103	109	123	53	79	47	63	72	52	47	42	83	96	94	109	43	0	118	46	101	90	58	85	66	101	25	100	15	99	30	78	31	43	64	58	74	54	117	56	110	118	85	108	96	103	
118	121	95	38	36	51	74	94	50	121	41	113	102	92	120	118	73	80	77	102	21	60	0	28	122	91	69	63	86	112	61	105	69	87	82	34	69	94	44	6	104	98	120	36	118	113	74	78	118	105	
62	58	59	83	90	45	58	105	43	93	113	38	29	45	117	89	77	63	61	115	79	85	71	0	102	89	47	110	36	72	12	70	21	81	41	43	102	58	41	71	49	105	80	104	60	92	49	80	98	76	
51	52	67	87	114	107	73	23	104	27	120	47	66	36	73	79	39	23	123	84	4	39	86	111	0	106	88	3	92	46	121	62	113	90	79	77	114	61	109	41	100	26	52	96	56	96	94	65	108	114	
23	23	7	122	101	110	100	100	63	115	77	61	76	57	109	57	80	67	121	52	103	112	76	58	69	0	107	67	114	34	78	76	54	25	67	74	66	45	117	42	98	66	46	64	101	56	47	80	102	118	
72	82	82	88	50	89	70	60	82	89	103	77	79	52	52	90	117	102	51	67	94	69	91	108	7	109	0	65	112	99	114	97	94	93	105	38	79	91	69	100	104	69	85	59	103	74	80	82	24	102	
5	13	33	105	119	105	108	76	97	119	58	79	69	58	89	84	120	101	107	39	118	115	22	24	111	66	45	0	71	76	95	101	108	119	79	53	90	119	34	100	95	101	48	58	79	66	101	121	45	106	
2	15	40	98	100	68	101	62	122	62	99	13	37	41	86	51	93	112	108	55	44	15	111	120	74	41	114	113	0	89	22	30	98	66	87	119	96	40	102	106	108	13	112	110	112	57	91	28	81	25	
44	48	27	109	80	45	74	77	86	84	42	98	108	87	45	37	84	64	110	10	84	85	49	70	102	86	117	110	77	0	94	63	24	21	61	46	78	105	46	45	69	82	92	123	71	32	30	72	66	74	
21	11	36	106	81	88	101	115	25	96	71	35	16	55	102	27	87	92	58	70	69	94	60	56	85	65	55	14	83	49	0	100	30	53	73	16	65	104	85	44	43	80	111	118	82	52	76	111	108	86	
2	15	24	116	87	41	116	100	38	97	119	91	72	34	75	70	84	103	70	44	122	84	80	70	43	73	57	111	121	78	115	0	114	86	68	109	93	51	45	72	73	45	40	92	50	79	103	6	114	30	
70	59	53	87	92	104	39	85	50	91	106	79	108	46	102	26	94	77	87	50	119	98	44	44	63	59	103	53	98	22	85	93	0	16	85	103	16	52	96	58	82	68	116	93	85	27	98	88	54	104	
41	29	49	73	42	85	88	95	89	120	116	27	52	102	50	30	102	89	39	76	25	48	118	112	52	61	76	42	45	123	86	70	92	0	34	115	83	115	83	117	99	67	60	73	115	104	69	116	46	20	
14	23	26	100	110	94	88	92	51	107	49	123	105	116	100	68	46	48	104	118	92	85	112	112	17	119	16	57	36	63	55	118	30	18	0	112	85	109	69	106	101	76	56	69	106	100	61	121	51	14	
57	53	68	82	87	103	39	27	79	48	64	38	56	76	39	54	82	82	116	34	64	51	106	123	95	104	33	37	93	94	72	86	88	89	90	0	44	58	45	94	123	93	54	63	72	94	36	87	89	81	
14	14	35	110	68	103	76	54	51	104	80	109	91	104	41	77	49	51	118	60	89	74	76	75	93	74	37	67	71	33	86	96	35	37	34	111	0	92	103	61	81	108	96	88	59	29	81	38	73	84	
36	25	43	105	83	89	117	117	110	17	95	71	84	86	58	27	90	108	83	67	34	25	115	97	46	95	72	103	55	98	95	68	114	101	80	66	48	0	73	47	98	105	117	46	25	60	105	75	47	103	
16	3	28	96	115	110	96	80	115	61	64	42	41	82	39	49	123	122	46	92	36	28	96	110	114	79	112	118	98	112	52	54	115	100	95	114	90	7	0	45	94	99	121	42	27	59	104	75	49	97	
32	21	28	119	77	67	56	9	99	48	115	30	27	85	12	81	102	113	112	21	74	41	106	101	113	116	113	57	63	50	96	22	121	122	102	95	86	22	59	0	105	75	92	57	67	40	118	76	86	67	
35	39	22	117	106	71	64	60	94	33	119	63	81	80	61	31	111	117	30	103	102	93	74	83	107	74	69	80	73	107	17	106	35	25	42	117	114	101	65	32	0	63	104	66	45	70	107	92	63	62	
52	39	55	77	63	81	64	70	97	69	118	69	98	93	14	88	114	108	102	89	18	33	91	79	36	101	48	36	68	41	57	99	31	25	30	94	122	31	57	22	110	0	53	81	107	48	95	66	59	101	
119	108	83	49	40	64	74	60	45	80	30	89	70	15	98	40	85	85	106	36	113	97	28	47	98	94	14	57	91	85	61	82	46	39	51	107	93	39	110	82	122	107	0	36	33	110	97	108	112	63	
100	114	90	65	74	62	122	83	72	101	15	79	103	90	19	67	67	47	113	22	65	39	110	84	93	80	32	62	42	111	58	96	56	67	99	35	43	61	15	36	120	86	113	0	100	35	88	10	38	95	
49	43	18	119	75	68	74	61	95	113	85	86	63	51	36	46	96	80	91	23	83	76	64	71	101	36	82	77	100	84	90	60	93	92	63	69	81	53	120	109	14	62	101	68	0	43	85	67	79	72	
102	97	109	93	60	19	71	36	120	46	116	32	6	63	80	72	69	53	88	26	60	22	116	101	14	104	120	110	45	117	110	100	47	49	75	93	58	108	86	59	70	23	63	69	120	0	107	123	102	55	
49	52	34	90	51	59	71	120	97	95	59	67	41	96	114	123	121	109	87	93	79	42	117	106	52	94	23	45	46	97	117	40	91	105	109	107	104	80	57	59	51	102	77	47	114	115	0	43	73	109	
77	87	85	40	61	90	58	54	114	82	118	105	118	90	48	103	63	82	79	81	112	85	97	102	99	54	54	50	115	66	93	48	101	102	85	120	112	59	100	123	49	32	82	80	85	77	68	0	43	90	
58	54	79	72	80	73	86	90	33	106	12	98	116	84	94	48	72	77	85	37	73	94	37	46	110	106	104	106	64	43	52	93	122	114	108	13	48	84	27	61	62	98	101	97	30	26	117	121	0	103	
91	96	91	82	62	17	90	84	104	94	65	65	34	37	78	102	115	114	59	63	94	75	111	87	28	117	37	79	74	122	54	78	63	63	71	71	88	66	123	112	48	49	100	89	73	87	28	27	35	0	

0	101	87	39	31	116	5	17	43	70	98	71	30	63	65	119	37	9	69	20	56	63	27	113	119	44	8	26	80	30	19	79	50	25	118	1	17	42	60	103	31	34	50	60	16	114	56	52	122	44	
115	0	102	122	108	101	118	115	113	105	56	68	94	122	88	123	80	121	78	116	78	56	117	118	111	98	119	116	61	97	98	116	68	101	80	115	110	98	60	37	118	91	83	118	122	25	102	115	11	93	
100	2	0	122	108	101	117	114	113	104	55	67	94	122	87	123	80	121	78	116	78	56	117	117	110	98	118	116	60	97	98	116	68	101	79	114	109	98	59	36	118	91	82	117	121	25	102	115	10	92	
118	21	93	0	100	49	25	36	35	87	83	45	102	45	122	103	119	72	56	118	63	86	47	106	32	33	98	37	122	27	59	101	32	20	39	29	34	54	86	82	42	74	61	74	104	69	66	104	100	122	
81	51	74	85	0	65	79	107	90	121	10	87	31	53	95	73	76	122	52	85	33	2	102	26	63	91	26	54	80	83	57	71	60	69	99	90	89	54	18	40	102	80	122	72	66	57	70	113	83	100	
1	101	75	60	52	0	91	85	99	88	44	58	22	23	56	30	48	106	76	103	43	51	77	30	76	73	76	69	70	55	26	96	28	21	51	113	65	9	62	73	57	38	71	21	94	51	103	99	63	110	
57	76	65	83	18	68	0	56	37	56	44	37	81	55	21	68	103	72	18	70	87	93	35	54	47	9	57	60	86	105	49	87	45	50	96	99	66	66	112	82	70	90	101	61	30	23	88	34	69	43	
75	62	43	105	113	85	74	0	53	38	90	89	120	33	57	35	101	5	90	59	23	45	59	116	94	78	114	41	113	52	87	76	90	87	59	74	28	37	113	104	107	81	102	94	90	85	86	97	60	96	
94	67	98	28	91	114	85	77	0	68	30	106	74	51	24	109	71	73	75	19	98	105	99	123	80	86	58	101	44	122	46	71	35	114	64	81	77	103	65	41	80	109	112	78	103	111	60	85	52	28	
67	102	101	121	22	83	42	31	50	0	33	87	84	77	42	63	87	89	117	63	82	88	111	106	107	111	102	87	17	85	68	88	60	68	62	61	45	96	38	86	121	62	81	42	64	86	107	51	14	24	
64	108	42	87	24	49	66	14	48	23	0	98	92	69	61	78	72	82	104	76	61	108	91	100	97	107	106	92	18	80	88	66	53	82	53	69	26	82	52	92	106	42	96	37	78	99	105	29	28	26	
4	101	31	98	27	47	92	112	119	90	88	0	81	110	93	72	52	105	108	49	104	75	118	30	84	39	25	16	86	16	71	71	86	102	65	20	87	13	103	64	99	81	81	121	18	96	40	94	77	80	
18	100	57	82	24	68	115	112	80	48	35	99	0	95	21	42	76	101	35	103	116	73	33	85	95	65	95	113	14	100	33	91	49	11	48	91	80	109	109	94	111	93	120	23	91	86	116	97	79	117	
67	42	103	93	84	121	54	91	47	77	103	26	57	0	74	76	46	116	60	68	100	41	27	58	54	85	92	118	64	98	46	78	27	47	83	69	80	111	72	46	75	106	66	37	81	106	118	87	109	78	
116	101	3	122	46	83	103	84	106	71	49	101	44	88	0	36	56	94	77	28	115	121	82	41	86	66	77	121	73	87	108	24	79	79	14	119	64	54	48	116	64	85	92	55	66	48	57	98	59	99	
71	123	29	105	59	11	86	100	64	58	82	123	104	19	82	0	28	36	100	74	114	111	12	44	72	42	116	72	118	85	110	101	20	72	94	103	86	117	85	111	42	97	92	38	72	103	28	108	35	46	
21	83	27	98	97	120	65	46	65	111	79	106	57	47	62	39	0	18	121	49	116	122	45	71	61	29	123	40	97	62	97	73	49	109	77	105	71	104	81	81	51	109	93	13	38	71	42	116	16	45	
59	104	89	83	35	54	56	91	117	59	63	119	51	79	24	16	33	0	104	22	103	112	17	39	92	55	102	38	75	51	67	52	28	105	56	101	94	83	95	53	71	110	79	36	68	96	12	119	35	29	
123	116	46	115	97	78	59	84	56	114	113	62	65	66	100	80	86	98	0	88	22	106	110	67	65	111	97	72	33	85	122	87	101	82	115	19	37	65	27	119	45	77	117	64	76	47	98	40	79	100	
1	101	101	112	104	53	110	101	103	42	68	50	48	60	39	48	68	62	73	0	76	106	59	9	95	117	83	82	45	25	102	116	71	95	87	55	76	45	72	116	38	113	103	86	103	69	86	82	28	99	
100	106	64	103	92	83	64	85	122	72	60	116	68	90	42	49	30	13	100	38	0	115	55	37	64	94	80	74	20	18	91	108	56	111	54	32	92	17	93	96	26	120	106	97	101	74	64	108	31	67	
102	41	117	61	90	90	85	75	109	61	34	80	54	120	123	96	113	107	45	54	112	0	90	114	114	120	114	70	116	95	123	78	77	34	93	102	74	113	118	29	108	83	14	36	59	64	118	105	95	57	
55	47	62	80	64	35	66	58	72	11	31	115	96	30	68	101	83	68	76	71	22	94	0	97	78	45	78	36	58	58	99	120	62	102	47	41	100	98	59	110	48	68	105	102	116	97	92	94	117	93	
32	82	52	84	82	118	62	114	113	105	78	32	68	89	65	84	90	78	72	92	53	109	46	0	70	48	98	30	48	36	72	95	72	110	13	63	110	66	98	88	43	62	68	112	103	58	82	101	95	87	
20	95	55	123	56	88	33	59	67	9	25	82	76	44	64	94	84	74	105	77	93	103	34	121	0	93	78	115	95	123	92	72	119	116	110	64	12	98	104	39	113	67	93	65	40	83	106	61	112	63	
13	107	16	119	103	112	34	86	95	123	95	26	66	106	49	20	19	10	100	97	111	5	91	83	86	0	68	34	12	88	42	53	42	63	40	54	75	53	36	59	70	56	8	92	94	8	39	63	102	100	
98	37	75	118	40	49	58	106	59	23	12	105	81	23	90	96	108	105	114	93	74	110	111	115	104	89	0	98	88	21	54	42	67	38	51	85	29	58	120	64	54	97	82	60	80	92	68	105	21	59	
103	70	99	35	100	107	92	80	47	63	91	97	62	62	114	96	112	114	36	82	48	85	98	84	78	16	60	0	81	50	9	52	61	91	28	73	82	86	86	50	87	66	73	26	80	111	31	48	69	15	
13	104	27	100	84	74	59	74	93	87	55	59	112	91	65	80	81	69	91	71	55	69	43	100	91	17	55	119	0	100	118	89	72	42	108	87	109	86	99	77	96	98	68	123	61	23	105	123	62	122	
76	82	82	62	70	106	31	51	16	62	50	109	37	104	32	5	27	16	112	112	88	86	58	104	123	40	29	78	87	0	55	32	90	71	117	27	52	55	118	61	122	71	70	107	28	72	19	112	110	64	
10	108	97	49	123	67	55	32	52	61	70	96	62	111	57	73	60	44	115	40	72	90	68	59	40	100	86	96	81	109	0	113	76	108	23	110	109	108	55	122	50	62	45	81	114	116	96	46	56	70	
40	78	75	67	105	110	27	35	31	59	70	100	100	95	37	41	56	55	101	115	120	37	83	110	59	70	100	63	58	114	121	0	46	44	102	95	68	15	79	47	75	112	109	111	8	49	76	85	89	61	
15	96	112	22	101	78	68	69	28	88	66	71	61	66	98	113	122	122	64	65	37	81	31	96	95	64	10	100	23	93	72	77	0	78	75	115	94	68	85	70	83	100	37	105	76	118	46	51	79	71	
80	108	45	116	90	97	74	109	79	99	96	57	101	29	72	65	88	95	31	77	87	79	19	106	65	98	105	42	85	94	90	82	82	0	111	46	40	105	90	123	32	20	69	30	28	65	73	116	4	46	
53	60	44	82	75	50	45	91	91	73	92	93	83	27	63	95	113	111	120	33	77	88	68	108	111	34	48	110	113	27	41	86	98	57	0	32	55	89	73	103	26	75	29	49	62	64	123	81	56	47	
110	39	102	112	60	15	104	85	92	40	51	117	55	93	46	25	27	28	79	53	89	39	108	67	43	99	42	103	93	26	41	79	113	105	55	0	71	50	72	50	34	72	70	101	54	87	112	119	90	99	
27	112	17	112	19	53	40	77	106	91	115	102	112	51	64	60	75	90	63	91	31	109	59	78	48	93	99	93	113	22	71	108	78	8	108	97	0	63	30	123	100	73	99	103	105	83	82	57	21	69	
1	101	118	26	110	95	99	47	75	42	32	111	82	118	99	115	89	80	57	84	18	107	90	107	96	123	72	114	49	120	90	46	38	89	75	50	57	0	45	119	57	31	112	68	93	58	88	5	58	90	
89	30	112	104	60	99	54	64	67	26	16	86	22	79	68	101	101	110	80	83	116	20	88	106	68	80	107	34	103	109	91	90	85	50	70	71	24	65	0	72	101	38	108	36	32	23	68	62	14	103	
57	56	98	98	47	54	99	53	60	40	54	84	60	98	89	62	35	37	84	90	16	104	78	36	91	28	80	47	58	56	26	93	123	75	47	21	61	19	39	0	111	6	110	13	20	29	53	80	47	119	
38	123	45	85	66	5	92	82	63	42	72	104	70	107	42	18	35	27	111	29	62	90	70	76	15	80	74	85	36	122	115	40	68	47	79	87	86	80	71	117	0	115	105	105	119	96	93	105	77	80	
9	98	79	87	76	12	94	75	85	123	100	49	70	33	86	84	105	99	97	78	72	68	44	87	22	113	71	102	30	117	81	43	43	43	104	119	86	102	111	84	31	0	113	104	116	77	104	108	104	97	
54	122	56	86	103	44	116	66	52	78	92	106	59	102	85	102	111	100	5	84	91	94	63	53	30	114	49	109	60	99	51	113	99	120	78	81	45	27	26	68	107	75	0	62	122	73	56	105	111	52	
74	105	89	95	31	82	81	52	27	77	63	44	49	63	43	51	24	38	120	68	29	110	93	67	96	7	64	39	51	83	44	71	43	73	113	120	119	105	104	99	14	115	109	0	82	104	81	77	30	74	
102	87	113	26	100	121	31	38	27	50	54	121	106	119	88	87	86	83	65	98	82	123	65	107	97	72	74	31	106	26	66	68	105	61	110	96	66	117	85	28	101	35	89	74	0	89	29	64	79	62	
113	47	118	94	31	59	86	72	22	84	96	96	19	89	82	82	66	63	113	118	49	79	115	57	96	25	60	59	52	105	123	32	20	84	82	51	79	99	58	37	120	64	77	70	91	0	104	123	69	77	
9	102	1	122	111	120	51	36	20	54	76	113	85	119	72	104	82	96	11	86	69	88	23	112	85	117	99	5	82	36	73	74	81	32	87	106	113	84	123	88	82	47	73	16	71	97	0	66	118	87	
19	88	59	65	113	62	74	72	42	49	56	110	83	82	20	52	58	58	74	47	70	109	49	68	77	70	43	71	18	108	109	51	68	80	110	89	116	81	37	78	113	101	38	51	82	46	82	0	64	57	
106	75	71	115	90	72	46	29	52	17	39	83	85	59	87	68	65	81	122	123	93	85	28	97	114	118	80	107	91	91	74	72	105	79	41	67	61	89	60	24	120	9	115	101	73	56	99	117	0	61	
33	107	6	121	78	44	119	102	60	95	89	77	62	49	52	28	2	18	90	115	68	50	47	78	108	100	98	48	39	99	63	65	23	95	66	38	55	29	30	84	71	120	26	44	41	108	61	15	59	0	

0	22	31	73	48	34	94	66	20	86	113	4	63	60	63	103	104	8	40	54	104	63	118	62	121	115	17	21	52	70	36	100	11	110	50	58	63	63	44	83	68	76	86	50	12	26	30	35	76	69	
88	0	82	26	99	116	84	87	72	77	44	88	98	77	88	77	50	85	53	87	19	96	122	105	110	28	82	77	45	22	73	72	95	78	109	123	45	106	80	78	94	96	66	78	94	88	105	90	23	40	
111	107	0	116	18	17	94	78	49	104	110	51	42	63	121	119	110	106	58	105	123	99	114	16	46	110	26	99	72	122	47	44	114	93	93	52	82	29	122	116	49	29	67	65	86	30	121	76	97	68	
14	13	77	0	60	62	97	86	74	32	119	82	52	55	57	94	48	103	84	31	99	108	50	62	44	35	54	121	20	108	115	92	52	102	92	106	118	53	117	48	58	79	57	73	99	70	94	115	32	49	
67	78	94	34	0	38	81	60	90	43	105	63	33	41	54	93	55	83	91	58	68	108	33	87	64	67	64	99	22	94	102	63	36	74	114	100	106	45	117	44	44	57	65	71	92	40	114	99	11	16	
9	26	104	116	114	0	54	121	97	89	118	115	103	89	123	111	83	60	63	81	52	31	104	119	106	115	118	40	94	105	42	106	119	43	79	30	95	111	25	109	81	73	71	53	54	79	119	99	114	115	
30	35	85	82	41	64	0	95	54	29	86	101	92	27	89	59	122	88	59	59	37	73	111	91	103	78	92	75	122	65	71	60	67	104	19	86	113	96	43	83	85	122	100	57	82	105	96	37	67	60	
46	55	31	109	62	75	37	0	70	47	115	68	56	34	96	73	101	84	42	82	4	99	111	80	100	55	102	99	107	76	62	69	42	103	24	50	112	103	38	86	90	97	107	66	50	122	67	44	45	66	
76	67	28	112	121	111	95	15	0	45	114	61	45	26	93	81	98	89	42	82	17	102	104	82	98	61	108	95	96	74	57	60	46	108	12	41	116	110	36	96	93	88	97	72	60	123	80	37	33	65	
86	96	16	104	85	97	74	98	78	0	103	116	84	56	60	89	65	25	89	113	68	34	84	39	91	80	32	19	22	27	122	21	100	91	80	68	58	33	75	36	63	58	35	36	31	59	93	108	67	65	
56	72	13	120	74	49	71	73	40	8	0	110	89	58	59	85	68	20	92	114	66	40	90	39	90	76	37	18	28	24	116	14	99	94	77	68	53	37	80	31	59	55	31	30	37	61	88	108	70	71	
97	77	110	21	68	90	72	100	45	80	66	0	116	61	56	80	22	54	85	114	7	50	93	72	66	56	39	79	65	72	77	54	56	93	121	62	39	42	109	81	79	119	55	92	85	57	55	81	5	16	
98	115	119	30	57	55	9	87	121	120	99	17	0	57	41	74	16	51	80	122	12	42	87	76	61	41	35	94	70	68	63	45	67	97	121	67	50	43	101	76	86	103	41	88	72	44	62	78	13	24	
30	26	104	100	101	106	72	74	52	28	106	106	122	0	105	114	113	103	76	54	116	112	99	83	110	82	113	74	59	62	68	87	90	55	64	107	75	95	32	70	70	62	121	52	54	122	108	52	116	114	
2	21	71	62	15	41	30	92	61	36	114	56	91	98	0	78	45	70	81	53	102	30	31	81	38	110	102	28	113	74	100	84	51	99	97	62	110	106	96	98	66	95	44	58	113	78	61	71	94	79	
47	35	113	12	51	76	101	34	56	46	96	73	118	76	52	0	59	101	120	73	60	53	78	64	76	122	78	41	94	70	54	117	10	60	112	65	71	65	78	102	114	112	91	55	105	119	75	96	99	105	
3	22	81	68	23	59	61	52	112	87	92	78	85	78	60	61	0	121	61	93	100	22	115	83	47	99	46	92	118	44	52	122	58	62	86	101	59	71	81	57	98	54	113	111	103	108	47	93	118	89	
60	39	47	120	83	115	113	116	107	72	102	12	105	123	63	48	45	0	35	77	102	34	96	88	48	59	63	79	87	64	81	107	67	103	71	78	96	77	90	23	104	27	97	67	99	119	48	59	90	97	
91	94	72	100	48	28	67	60	13	40	81	39	87	112	47	82	88	102	0	76	114	115	101	82	67	77	109	86	67	111	82	57	48	12	59	49	39	28	68	116	86	106	89	98	21	64	75	91	25	33	
35	53	118	91	59	93	93	118	51	15	97	101	119	85	27	94	73	62	39	0	104	85	79	54	74	113	81	61	37	103	89	36	45	34	58	18	22	18	38	121	57	105	87	122	47	83	53	88	37	38	
76	63	35	96	84	104	78	85	110	110	64	80	86	87	35	87	69	83	85	113	0	101	72	112	123	25	89	71	77	71	121	113	75	117	99	115	98	104	112	85	80	38	113	112	104	49	100	120	81	121	
53	63	90	54	96	82	71	88	57	92	101	93	95	115	78	46	32	117	117	76	86	0	114	111	82	97	113	100	24	39	102	85	97	87	19	62	84	53	99	57	32	92	86	111	71	83	26	113	77	119	
8	20	87	103	63	86	121	99	68	94	91	66	72	20	107	92	119	59	88	71	109	95	0	25	27	94	87	94	95	94	105	29	37	100	105	61	50	102	24	80	65	85	54	106	39	68	111	105	27	41	
4	19	90	43	67	63	55	96	122	86	101	33	88	69	92	62	102	32	44	78	47	113	54	0	40	70	40	92	61	79	122	58	25	81	74	57	25	87	69	92	35	78	24	82	23	16	103	96	39	83	
114	104	45	73	49	42	44	110	87	111	48	101	26	62	92	19	70	68	51	80	105	117	18	14	0	67	40	104	49	83	115	49	17	69	76	53	21	89	56	82	32	67	17	89	32	11	106	101	43	73	
8	16	74	117	122	107	60	69	20	33	119	41	119	105	55	89	117	84	76	48	92	99	21	37	37	0	47	88	36	104	87	59	30	68	82	58	56	86	26	71	30	102	49	66	27	33	113	78	73	66	
26	38	52	85	107	92	83	96	109	116	70	82	57	8	108	53	47	108	92	42	92	34	84	78	46	47	0	115	24	65	60	32	33	56	67	77	45	91	57	85	73	97	37	22	67	64	87	68	32	45	
108	123	46	80	82	89	59	61	49	31	98	75	119	117	90	30	50	108	77	80	59	99	29	15	27	88	63	0	67	92	99	50	55	23	20	80	62	69	77	85	14	122	45	63	69	51	93	118	84	19	
61	76	79	103	91	85	74	101	55	54	99	96	106	101	77	38	42	112	123	105	66	117	121	106	118	75	118	96	0	56	103	109	46	79	103	99	84	37	75	28	101	95	67	114	103	120	25	65	104	111	
26	27	103	80	103	83	96	17	71	62	107	72	72	85	103	120	80	83	112	104	35	101	97	111	104	66	48	94	90	0	45	111	62	31	19	72	35	122	123	85	55	70	47	51	84	84	72	66	66	29	
91	83	42	111	110	101	116	84	104	90	38	119	69	22	103	84	83	53	58	28	101	6	109	107	86	20	37	94	36	60	0	113	29	42	43	103	48	101	83	83	76	107	27	72	53	89	109	52	31	60	
2	21	66	89	85	62	114	31	79	39	97	25	117	88	37	45	42	100	82	83	99	31	108	92	64	119	118	20	57	51	43	0	48	47	57	83	20	78	86	42	58	112	23	75	50	87	119	32	22	80	
67	50	102	74	77	108	75	48	38	26	109	110	85	115	90	48	91	55	38	62	75	60	74	56	47	108	104	24	65	75	118	58	0	46	46	82	54	57	76	46	6	74	67	47	97	36	115	87	56	48	
45	65	33	122	67	73	68	55	99	110	29	108	55	86	86	70	47	88	121	95	61	44	118	94	56	43	33	94	84	100	78	89	90	0	116	35	37	106	98	55	94	44	49	57	41	81	40	10	101	68	
3	20	87	59	57	24	34	105	102	122	55	62	102	60	108	115	97	118	93	39	106	64	66	55	16	72	100	40	36	80	37	80	43	24	0	22	50	118	89	65	110	63	32	47	33	85	20	21	105	62	
47	56	83	42	58	27	70	45	99	55	69	114	97	119	58	101	120	101	110	47	119	120	47	58	73	29	27	108	80	54	79	89	96	92	82	0	75	63	13	114	112	120	70	77	70	79	83	66	92	119	
37	32	68	85	87	120	89	30	98	122	122	106	98	100	91	65	16	123	119	47	91	83	51	68	64	23	57	105	104	84	61	81	45	56	98	89	0	123	89	86	80	80	68	20	54	24	68	29	32	91	
110	90	58	89	84	83	56	41	38	61	74	77	55	56	66	115	85	53	83	25	88	24	108	120	89	59	48	70	85	83	95	69	24	39	85	64	48	0	115	50	84	108	84	39	37	27	63	37	64	86	
2	21	85	114	112	99	46	97	58	26	106	46	122	81	95	54	8	121	103	90	117	73	111	109	113	58	92	25	67	87	90	74	83	123	9	16	70	117	0	87	105	111	74	113	82	110	65	115	89	41	
29	41	92	26	59	95	102	113	63	34	98	56	88	68	121	122	81	52	43	98	83	51	119	121	86	44	77	114	50	28	60	103	110	100	32	32	89	106	52	0	63	65	120	96	40	100	69	67	50	60	
87	97	20	116	123	121	95	102	89	115	36	80	115	83	59	35	45	121	114	52	71	114	3	25	54	21	66	113	68	100	97	54	77	113	79	79	110	114	51	75	0	88	84	34	77	63	115	64	49	73	
110	93	115	32	77	97	62	45	86	119	82	45	116	120	66	80	24	107	96	23	92	75	54	67	69	83	96	118	97	117	74	83	97	122	64	46	95	54	84	83	68	0	84	72	24	120	95	32	98	40	
8	28	79	44	80	116	117	57	117	114	68	52	66	53	96	91	120	116	109	87	116	117	119	99	118	91	66	123	66	100	121	74	53	45	111	94	47	114	93	46	81	30	0	46	9	123	82	51	100	31	
49	53	60	116	77	47	95	89	104	116	59	85	37	73	97	104	89	64	33	84	78	106	44	37	59	40	71	118	56	102	115	32	27	56	99	93	80	64	120	101	95	119	98	0	103	93	68	117	44	116	
5	24	97	123	87	121	106	73	68	80	113	11	107	81	78	96	112	91	73	94	13	106	102	115	116	93	112	62	40	86	81	46	36	54	70	86	16	119	103	28	87	69	92	113	0	109	92	8	78	6	
7	18	88	31	54	51	40	107	81	118	27	120	68	21	85	12	53	119	89	92	41	101	67	82	97	31	46	121	60	50	81	112	74	49	102	100	55	117	11	81	32	113	100	58	59	0	57	65	64	60	
77	89	108	49	36	69	28	84	66	83	71	123	72	45	121	61	34	94	110	101	52	84	51	73	72	77	72	109	77	94	83	97	79	48	90	86	56	87	54	123	66	115	100	60	77	101	0	45	93	87	
42	52	120	100	120	117	68	39	85	99	56	84	123	114	16	72	21	102	89	46	79	75	90	110	99	96	96	82	105	103	101	99	110	114	103	102	60	67	51	53	68	99	65	58	92	80	111	0	75	56	
77	73	26	96	57	82	41	96	41	24	80	43	122	96	17	73	16	113	100	117	45	84	78	74	40	92	86	67	2	56	57	95	100	68	60	39	50	103	43	64	108	76	86	63	114	81	71	90	0	78	
9	18	76	76	119	102	111	102	56	95	121	58	84	84	96	68	63	95	116	90	41	90	48	61	50	104	64	123	118	65	72	105	115	119	96	86	119	21	99	97	103	58	35	71	61	52	12	46	106	0	

