n 50
m 10
n_day 1
hl 1439
o 5
rate_in_peak 0.47753
rate_off_peak 0.32282
max_cost 759

peak_start
1080

peak_end
1259

v
1.2
1.1
1
0.9
0.8

lambda
1.5
1.25
1
0.8
0.6

pi
113
41
49
42
116
164
108
175
173
46

processing
11	11	53	56	10	56	98	93	70	3	
70	45	33	62	61	92	9	43	82	67	
57	45	56	30	69	21	63	79	64	2	
52	74	12	6	85	76	17	84	26	86	
43	51	86	75	15	5	24	23	47	61	
45	59	61	3	89	85	77	53	66	42	
10	19	71	21	24	58	52	94	97	78	
82	95	30	25	27	98	29	7	22	32	
67	23	90	84	79	36	70	57	88	91	
54	97	11	26	74	88	39	81	84	92	
60	23	44	90	3	71	89	32	77	67	
19	1	45	64	84	25	2	12	81	89	
4	36	44	69	17	73	58	56	55	43	
5	17	21	48	62	24	20	8	11	52	
30	29	53	74	92	92	98	93	59	80	
40	63	71	39	33	88	13	46	45	67	
45	5	39	65	52	56	88	28	64	54	
79	49	82	87	25	32	37	78	80	95	
16	21	15	86	15	3	75	27	49	75	
50	93	79	88	15	87	46	59	16	65	
14	50	15	52	93	93	83	31	73	20	
81	44	95	96	31	11	54	8	38	4	
38	43	52	19	32	67	61	33	81	76	
53	94	81	68	3	75	18	41	61	46	
61	44	89	57	95	22	67	50	83	60	
10	22	4	61	94	90	83	56	78	65	
87	33	17	70	56	19	46	73	60	9	
75	22	8	65	78	4	42	2	53	26	
62	18	4	21	79	97	66	19	55	46	
84	97	78	2	68	35	74	16	63	35	
78	93	56	85	16	89	44	57	91	52	
39	10	70	96	84	6	94	52	24	6	
97	63	5	32	64	28	22	40	97	40	
30	76	35	86	18	50	32	17	62	78	
69	2	43	40	53	29	45	49	36	24	
10	88	87	68	21	8	96	42	47	94	
37	33	28	71	74	1	76	7	18	40	
85	86	95	83	81	50	67	81	54	4	
6	19	91	92	43	67	2	40	64	4	
89	3	36	72	29	11	29	7	72	46	
46	14	87	96	96	25	47	65	7	56	
68	66	75	17	60	73	83	17	14	5	
20	58	7	12	86	35	76	16	41	49	
17	42	62	59	40	16	83	42	80	45	
54	5	12	84	75	27	58	16	43	27	
20	63	40	26	30	27	16	7	96	13	
56	14	54	73	72	49	88	12	47	25	
56	2	84	24	85	60	50	98	75	49	
26	94	13	65	75	96	48	91	4	45	
5	15	15	14	44	42	19	33	10	65	

setup
0	102	85	89	31	33	3	84	62	29	20	121	36	40	29	80	6	27	38	38	118	92	14	6	84	98	15	17	40	106	120	20	84	82	108	34	34	30	38	95	58	57	92	13	96	120	13	21	66	50	
58	0	28	47	45	88	56	119	82	79	49	112	75	39	31	44	55	77	57	51	123	101	48	54	27	51	59	54	53	87	63	49	110	94	105	52	70	57	85	46	66	15	93	52	100	71	64	41	52	51	
100	34	0	31	51	113	42	115	92	53	51	112	48	65	41	18	61	67	76	40	103	104	22	53	41	55	51	77	46	93	31	28	95	115	117	50	95	70	52	48	87	47	80	77	100	66	95	8	68	68	
75	118	102	0	56	15	115	99	29	52	93	79	65	64	118	89	67	69	52	103	88	82	101	53	117	74	120	29	71	11	78	93	83	113	66	119	116	97	86	78	108	122	106	106	46	68	10	105	120	42	
101	57	79	61	0	64	90	101	50	98	99	92	111	122	94	97	119	72	26	115	64	40	91	88	120	73	61	59	21	64	68	55	95	104	99	94	70	118	44	104	113	117	66	102	39	40	64	113	88	62	
113	28	21	14	46	0	85	94	80	87	76	50	95	87	96	117	89	76	56	88	100	16	97	94	122	97	25	98	51	19	89	49	67	79	83	66	25	88	70	69	76	97	85	65	53	77	105	109	121	41	
100	94	106	86	105	53	0	121	103	123	52	45	63	56	73	112	61	80	66	105	105	55	87	45	95	72	37	51	68	64	112	58	89	103	69	18	68	80	113	99	44	82	93	21	85	46	60	107	109	69	
71	46	62	35	63	21	96	0	42	88	100	87	67	57	66	35	106	75	104	64	52	95	120	113	27	28	102	94	88	103	25	79	113	100	80	111	67	93	109	111	69	116	99	101	21	96	75	27	85	119	
20	92	88	97	115	62	82	97	0	79	26	69	100	66	45	103	93	51	54	86	84	75	117	97	87	76	92	45	35	103	90	120	86	6	115	120	83	107	32	33	64	63	94	80	111	25	27	96	88	32	
25	85	103	91	57	78	15	121	123	0	114	114	24	88	102	61	40	120	108	40	87	95	97	53	111	84	120	95	120	58	93	66	96	118	50	76	98	45	99	112	73	121	46	66	101	112	121	56	107	97	
100	78	97	86	50	91	81	85	103	63	0	73	64	92	85	106	68	113	91	62	104	44	97	111	116	92	94	58	69	62	117	30	70	104	83	79	48	60	95	112	56	67	65	40	120	72	80	24	122	109	
60	83	75	97	105	48	86	114	93	36	121	0	112	84	56	26	71	30	108	72	123	107	47	118	89	48	106	75	68	108	14	122	118	96	111	81	114	71	100	30	87	89	123	113	97	87	107	110	100	21	
104	122	119	90	62	108	24	114	76	92	72	104	0	117	116	102	88	79	101	38	75	36	81	103	67	103	28	68	121	6	107	40	91	115	62	61	52	121	74	87	25	66	100	65	33	88	60	59	43	100	
85	47	23	31	33	44	112	112	87	93	103	119	42	0	84	114	79	55	93	58	78	34	92	66	73	84	56	30	106	38	101	59	74	98	28	49	50	91	50	77	60	66	67	101	45	101	43	67	73	93	
29	74	59	74	108	51	36	112	117	77	119	84	112	19	0	104	84	57	89	46	68	23	78	57	57	81	59	26	111	36	89	57	65	82	18	65	48	80	49	93	52	82	60	111	60	88	33	49	60	97	
65	77	78	83	55	74	95	51	64	82	117	48	108	45	106	0	55	81	123	84	49	93	64	112	109	111	108	112	53	104	89	84	99	64	101	101	95	117	104	38	114	113	120	75	97	100	105	63	112	90	
44	80	91	120	65	101	104	58	92	55	101	57	85	58	105	121	0	109	34	53	120	94	104	14	111	99	79	52	114	110	115	43	50	85	118	94	94	12	89	90	41	11	7	50	60	94	118	79	81	34	
4	104	108	79	47	48	48	104	112	35	109	82	47	123	57	67	118	0	96	115	46	37	15	117	69	109	66	109	7	42	40	91	120	51	19	83	73	118	115	67	79	118	122	110	110	99	83	59	54	121	
123	31	24	46	85	69	53	121	102	32	86	52	81	83	118	63	66	52	0	119	19	57	48	87	63	97	116	113	50	80	68	115	71	54	57	64	45	86	104	41	66	91	88	68	61	56	112	14	66	97	
58	112	115	86	54	19	74	90	118	80	42	100	95	84	57	94	76	50	78	0	76	115	105	49	59	108	43	99	57	120	72	88	53	51	122	55	90	68	64	44	38	89	32	56	62	119	61	79	33	25	
100	42	41	53	72	32	83	80	42	82	80	74	56	98	93	38	72	114	115	64	0	81	112	27	68	118	83	72	113	58	47	94	40	100	80	29	95	19	75	54	43	40	38	15	101	97	4	102	61	55	
103	71	56	76	58	29	73	70	102	86	109	77	60	72	36	95	52	58	41	94	38	0	84	43	101	87	99	47	112	50	17	87	44	106	50	61	86	33	95	53	56	30	22	38	110	107	37	92	26	90	
41	97	107	115	106	87	90	113	88	110	50	37	107	47	98	87	63	91	120	14	87	44	0	54	96	67	110	23	98	68	28	122	2	119	42	94	67	31	119	25	30	36	47	28	123	66	77	69	30	103	
87	108	91	71	112	117	99	102	90	74	110	69	88	75	117	94	47	105	73	67	98	123	74	0	47	68	103	83	76	61	80	65	73	61	95	26	77	94	67	69	77	92	94	56	96	74	114	38	56	47	
10	110	105	94	98	58	56	66	93	86	109	92	116	7	88	60	59	86	93	100	104	27	63	31	0	78	90	61	77	88	105	51	74	44	74	47	91	77	53	88	65	103	80	61	89	75	122	32	54	30	
86	40	19	47	39	35	61	72	34	71	106	59	70	73	30	77	38	78	47	75	121	83	40	82	81	0	116	54	45	34	114	99	105	120	93	73	76	62	92	25	59	47	43	109	53	71	42	55	106	101	
106	12	19	42	70	66	39	102	70	102	21	86	113	49	59	120	69	93	10	123	120	70	119	78	66	78	0	69	75	93	42	64	54	56	34	107	45	46	104	97	33	101	84	90	70	39	98	53	122	53	
36	106	103	121	109	79	61	78	105	74	104	97	55	108	91	93	102	99	112	51	122	81	92	42	87	118	36	0	58	91	73	58	66	82	4	122	25	17	98	95	23	91	103	90	87	65	120	40	96	59	
16	94	106	105	69	95	57	77	81	13	113	52	118	18	71	99	77	72	122	111	111	75	66	40	53	65	65	56	0	49	105	45	32	65	56	90	71	48	102	74	51	94	107	121	84	61	88	36	63	72	
26	106	107	107	91	29	81	89	118	73	117	123	37	111	103	34	76	52	106	116	72	20	66	81	80	118	93	39	75	0	94	45	72	106	22	61	123	113	42	118	115	71	64	60	117	90	21	41	99	41	
42	114	103	74	35	91	34	94	105	75	113	63	84	103	59	122	112	87	11	116	80	38	109	93	112	55	116	101	118	85	0	61	71	24	96	108	95	59	120	93	70	74	70	51	116	31	103	49	83	46	
18	89	98	105	104	46	63	101	80	5	113	120	11	119	53	107	98	16	104	16	84	49	54	102	92	89	44	94	123	117	47	0	61	30	50	83	51	67	75	81	114	114	60	46	87	42	122	88	84	87	
116	100	116	97	72	70	32	119	120	88	86	56	66	88	21	110	109	9	92	54	123	59	36	31	40	113	111	85	119	110	68	33	0	56	43	55	78	72	75	85	85	113	60	74	104	62	100	107	73	56	
32	109	122	93	48	69	99	43	55	54	96	48	69	96	105	47	56	101	34	89	104	117	104	88	75	99	38	52	73	48	117	93	99	0	66	88	70	42	90	82	31	57	40	71	74	100	58	25	103	109	
111	13	23	35	89	33	53	116	76	66	117	102	95	40	103	94	97	75	32	100	37	103	88	91	75	102	94	73	115	105	89	90	54	91	0	50	95	84	18	24	106	71	58	31	55	97	53	67	97	121	
108	71	78	82	43	69	80	94	108	105	81	100	82	123	62	66	38	91	43	91	76	48	51	26	29	68	59	77	86	51	99	82	86	37	35	0	72	63	41	55	92	74	46	5	24	83	41	59	70	115	
39	64	39	63	45	52	65	76	92	93	58	28	108	101	100	84	93	104	36	118	50	82	6	57	38	90	84	121	105	97	15	64	111	101	115	80	0	115	92	106	102	122	117	77	102	64	69	36	123	76	
85	120	93	69	65	55	102	116	104	119	46	86	109	104	93	100	122	15	91	87	88	118	38	50	7	78	69	3	56	71	97	85	91	39	83	36	69	0	100	121	40	71	68	50	66	10	121	96	107	26	
104	30	3	30	44	54	88	109	89	22	116	80	47	115	73	53	70	111	80	40	61	64	106	122	104	109	99	122	118	91	89	57	30	43	44	47	99	87	0	62	114	116	106	48	84	88	58	37	57	63	
53	60	72	51	47	83	58	119	88	10	109	120	78	65	59	52	54	74	99	99	32	98	97	86	68	67	78	26	35	73	45	33	53	104	77	46	74	49	53	0	96	103	63	14	105	65	49	48	80	108	
42	87	107	110	123	107	108	32	43	62	66	106	104	40	76	107	113	6	91	32	67	85	2	54	60	52	78	46	96	77	89	35	62	100	76	94	114	11	92	69	0	78	121	65	89	55	21	106	87	69	
101	56	76	101	61	68	121	110	86	23	104	64	85	57	32	98	70	114	81	42	56	39	80	46	82	59	63	42	68	81	55	42	69	72	32	61	114	120	36	38	115	0	70	117	119	61	99	50	92	97	
116	96	88	92	58	38	120	18	38	92	114	114	52	106	82	121	108	90	45	76	116	59	118	123	114	96	57	61	23	53	121	64	97	49	74	97	86	100	117	81	22	66	0	67	63	117	101	35	107	95	
112	58	67	96	105	72	72	109	82	7	114	42	89	119	93	71	55	103	44	98	55	97	38	29	64	20	122	68	101	90	88	42	86	98	89	114	80	105	99	122	76	33	72	0	105	120	30	88	108	87	
109	50	34	8	53	89	98	110	115	101	113	46	123	55	32	73	83	60	49	116	58	61	95	100	73	26	93	26	73	110	119	75	106	89	39	41	47	87	48	72	51	89	93	103	0	82	117	114	75	39	
88	83	78	90	103	82	78	97	91	58	91	122	91	37	83	24	47	123	98	73	89	48	99	96	50	59	74	83	46	6	91	58	32	47	108	116	111	45	104	108	77	85	70	108	58	0	102	105	53	23	
7	97	98	103	79	38	97	83	62	102	80	16	104	28	91	46	90	115	31	91	55	102	66	28	47	52	98	43	86	98	67	73	72	98	115	89	94	70	99	61	46	96	115	121	17	66	0	123	34	59	
45	64	66	83	60	45	97	72	38	108	47	98	102	122	109	95	85	47	84	42	109	36	98	64	68	47	76	74	35	59	114	104	121	85	33	31	91	98	21	74	115	71	73	109	36	79	59	0	91	75	
71	82	59	31	73	115	75	104	72	55	66	114	111	31	105	38	28	115	87	58	20	95	103	74	87	45	103	64	50	16	89	76	104	67	29	41	90	78	112	51	65	71	4	65	56	48	76	111	0	57	
77	90	99	123	109	96	121	98	91	18	112	115	71	94	40	95	41	95	13	120	76	39	101	55	25	94	52	38	24	40	63	93	53	91	89	87	105	14	89	86	46	115	105	86	47	41	72	58	59	0	

0	15	111	65	123	117	67	100	122	113	109	43	11	105	41	51	27	113	21	77	100	7	121	63	82	45	80	17	21	79	8	11	14	38	75	13	74	61	32	72	50	17	35	104	121	75	31	67	107	94	
63	0	92	76	96	71	27	69	83	55	57	58	63	113	50	92	88	109	71	65	110	60	99	12	98	79	38	67	67	98	56	58	62	86	24	55	121	115	80	38	90	51	42	52	89	88	58	74	49	74	
60	64	0	73	47	123	57	81	20	29	85	103	13	64	80	84	106	69	16	38	112	109	46	57	86	17	30	39	90	109	65	63	34	50	52	85	66	116	49	39	103	32	91	101	70	80	97	49	101	36	
58	52	58	0	64	80	81	33	72	72	103	47	46	31	119	95	87	71	50	33	58	113	24	83	111	52	71	81	56	97	42	16	83	37	60	70	94	112	25	62	56	70	79	105	78	58	46	78	122	82	
39	26	103	60	0	84	61	42	30	46	112	56	73	56	60	81	54	23	105	40	67	56	72	61	58	49	64	45	77	83	26	48	83	76	88	38	89	61	81	67	88	81	62	107	47	102	97	46	81	59	
116	116	38	95	98	0	43	107	108	57	96	111	117	123	73	109	90	110	15	109	60	116	55	93	75	92	69	81	119	119	90	88	50	29	96	113	107	53	45	92	59	104	65	112	69	82	76	55	115	97	
67	66	35	74	84	65	0	47	60	80	43	84	116	74	24	107	37	77	66	117	86	119	49	85	18	60	100	35	68	89	40	83	62	92	88	104	121	19	53	94	117	55	68	100	105	61	46	99	57	102	
48	38	98	101	68	24	41	0	66	50	15	94	88	85	58	74	8	59	72	100	64	81	33	48	33	64	91	11	75	96	18	72	84	118	86	71	91	46	78	107	100	92	53	105	120	38	63	91	57	79	
29	33	99	117	116	104	72	37	0	39	48	116	64	111	51	44	33	83	107	116	49	83	26	22	12	86	119	40	75	99	45	71	117	119	101	102	86	14	79	83	85	75	22	84	97	36	35	119	59	66	
13	7	88	43	72	116	96	113	62	0	67	57	91	85	89	36	38	58	122	69	68	93	81	76	69	116	104	47	89	75	64	35	75	62	41	50	122	57	111	74	105	23	52	43	64	55	87	83	85	36	
55	44	95	122	112	52	41	29	43	47	0	62	47	57	83	48	58	42	123	72	105	49	110	76	79	98	102	14	45	80	64	57	66	17	70	56	109	43	76	35	112	43	65	41	25	59	59	39	84	33	
28	25	71	110	51	65	82	95	88	109	106	0	118	123	24	109	112	93	32	68	112	114	85	123	95	61	11	104	110	108	119	110	60	98	81	73	25	104	50	104	14	64	61	109	116	59	119	98	26	83	
35	45	103	68	58	123	122	91	61	38	71	26	0	113	46	100	100	73	44	87	104	103	75	108	71	49	26	118	123	118	95	108	43	90	101	50	49	89	42	103	34	53	73	111	116	77	120	78	1	73	
90	88	33	68	49	113	87	61	116	116	112	87	69	0	42	104	74	50	39	73	75	115	121	105	58	109	78	110	95	79	75	74	36	34	102	64	99	63	108	77	66	59	99	123	67	72	71	28	69	110	
88	86	19	67	41	95	72	63	51	34	78	23	119	94	0	85	81	55	78	107	100	60	57	28	119	82	76	81	16	75	99	103	119	78	47	107	24	122	116	44	78	82	12	33	41	81	41	87	73	84	
122	117	45	39	84	8	37	29	40	15	70	76	46	115	111	0	103	83	96	38	98	76	118	120	108	46	85	35	115	108	66	55	116	85	105	87	113	74	94	75	114	45	104	113	103	94	72	44	67	78	
102	96	105	59	26	107	93	81	30	50	93	43	118	116	82	51	0	72	57	55	74	122	81	86	89	14	56	60	111	61	64	103	119	72	113	121	74	66	47	89	72	74	114	68	63	103	52	14	74	121	
42	39	106	79	35	105	103	116	52	69	45	84	62	83	113	45	85	0	65	85	29	89	117	100	96	94	90	104	119	65	63	67	41	97	49	58	70	81	98	105	23	85	122	105	122	108	106	87	118	109	
26	35	87	29	68	122	103	94	76	106	100	107	38	84	65	72	39	84	0	31	85	63	36	79	49	20	40	67	82	31	38	72	113	32	98	68	65	17	45	26	68	10	73	75	106	75	122	100	118	118	
48	48	88	29	40	97	68	27	58	68	14	61	95	40	25	94	106	102	114	0	116	60	103	48	97	97	115	86	116	96	96	105	113	108	107	94	79	122	83	121	76	112	44	69	27	84	16	48	67	63	
63	68	100	80	41	65	43	45	53	42	89	54	73	108	114	107	11	65	89	109	0	71	60	83	20	89	74	28	77	105	31	103	88	21	72	17	35	67	109	87	68	116	122	78	94	45	107	121	71	118	
73	67	110	67	107	116	101	72	26	48	71	24	119	105	75	65	71	18	77	87	69	0	88	32	80	87	48	71	33	118	66	84	56	56	16	80	73	77	99	94	6	86	65	38	65	74	119	77	8	55	
99	89	63	92	61	43	47	79	34	43	28	64	75	67	80	71	42	95	74	59	88	48	0	53	49	122	72	50	56	109	63	92	80	23	57	85	47	79	56	120	48	110	79	29	23	37	72	93	48	23	
87	92	117	47	79	51	70	100	74	101	107	48	106	105	80	45	118	99	62	32	113	108	114	0	82	59	59	82	94	112	54	122	104	109	79	51	118	122	77	37	90	7	112	102	116	105	123	41	84	112	
108	111	117	63	79	87	72	66	66	85	58	84	117	81	116	36	103	74	15	17	109	108	106	107	0	87	117	33	79	50	108	101	38	101	70	57	50	53	31	84	109	111	69	98	107	30	20	117	97	77	
8	15	96	122	60	93	92	82	116	118	80	113	92	112	90	116	78	102	98	109	60	85	108	118	71	0	119	50	122	109	90	43	38	67	52	45	56	97	62	98	52	98	8	56	112	67	52	52	62	48	
78	76	122	51	22	86	119	114	67	62	93	121	33	104	99	108	84	40	74	90	87	80	17	64	29	99	0	102	33	70	97	113	81	46	102	91	58	104	103	110	80	35	95	93	68	101	91	52	68	58	
11	15	78	117	112	43	24	34	76	82	98	50	89	47	16	96	84	58	48	51	122	86	75	66	110	117	7	0	33	73	102	111	83	49	101	88	59	102	100	105	84	36	92	87	69	104	85	48	67	62	
58	50	108	98	94	75	54	32	60	25	84	45	80	78	90	57	67	120	69	87	67	93	36	68	37	118	29	82	0	61	63	65	17	79	63	68	62	107	39	98	41	105	70	10	60	56	75	105	107	28	
54	67	26	88	47	67	39	12	67	67	81	35	105	56	23	96	73	42	58	38	91	54	60	97	75	55	82	29	44	0	92	32	49	101	23	62	98	80	59	58	18	112	81	42	32	91	103	104	100	26	
5	17	101	101	48	75	70	54	103	110	77	36	105	110	69	24	102	74	114	123	62	80	22	67	110	33	106	61	72	85	0	111	84	69	105	48	107	123	78	49	91	38	47	47	99	103	105	81	83	67	
76	84	99	104	64	104	94	103	120	107	53	50	72	119	105	63	121	87	56	81	76	78	35	86	95	52	112	104	91	60	82	0	102	67	66	56	107	117	96	92	37	69	77	101	26	92	73	47	99	40	
46	43	56	122	118	83	46	86	61	55	58	85	114	72	63	41	121	71	122	123	34	64	51	102	28	113	56	84	71	62	81	33	0	78	87	39	77	119	122	71	37	51	57	71	18	68	96	63	123	58	
78	66	34	60	50	77	55	37	98	81	46	106	48	104	101	104	121	75	114	104	60	41	66	94	57	88	109	95	73	106	22	115	48	0	46	13	105	105	123	81	58	62	53	89	45	34	120	67	103	85	
5	18	83	26	58	81	66	34	97	94	40	49	77	80	73	87	82	60	71	62	71	49	49	6	79	53	71	35	3	61	60	74	42	65	0	70	70	66	90	78	51	42	82	100	55	88	61	111	87	66	
99	112	81	10	63	64	33	54	30	55	40	86	113	9	36	85	36	88	69	75	54	72	40	39	50	82	117	35	23	44	66	62	88	12	43	0	48	55	97	119	60	60	66	110	28	54	50	101	97	64	
39	29	74	86	75	123	121	123	88	76	51	37	92	53	85	78	115	85	90	61	64	15	99	49	104	51	101	57	61	88	69	100	121	65	60	17	0	57	104	117	54	73	61	103	43	47	38	105	109	77	
120	113	51	47	105	79	77	107	122	123	57	43	86	64	31	86	106	104	101	96	35	64	110	58	81	48	115	50	21	80	17	105	121	112	85	92	65	0	116	96	92	38	103	76	104	87	62	117	121	28	
121	110	88	104	96	85	97	121	117	82	115	113	53	106	67	27	114	104	62	63	82	88	112	78	82	117	44	119	121	73	34	112	79	36	45	105	63	25	0	95	110	20	105	63	101	69	55	123	101	11	
28	19	83	116	108	85	63	84	39	60	102	87	113	45	84	122	47	107	94	90	114	123	88	91	89	31	103	88	70	10	89	104	5	75	35	75	67	47	102	0	23	89	112	58	9	49	65	77	111	98	
26	25	111	122	81	54	13	46	52	71	76	82	63	121	117	84	68	15	55	46	123	97	23	33	103	22	112	44	40	95	120	116	75	107	64	74	28	59	93	5	0	92	113	60	9	49	68	76	112	97	
107	111	41	79	39	105	91	86	99	96	53	28	123	82	83	52	92	86	96	118	65	22	88	72	91	63	105	104	117	87	115	65	97	112	71	4	46	75	76	69	89	0	82	81	81	43	100	101	66	118	
46	56	75	63	45	87	74	86	88	81	27	81	88	46	7	85	109	71	16	42	102	103	22	34	99	74	110	36	19	71	106	27	80	43	25	75	82	51	91	67	77	59	0	81	58	36	59	116	37	88	
23	34	64	64	92	58	65	37	80	85	117	110	93	41	64	93	85	81	45	42	78	52	82	87	17	82	42	110	106	74	19	106	106	86	84	118	77	59	84	32	13	88	80	0	100	64	98	67	91	123	
21	14	87	111	63	69	88	54	37	67	7	66	75	123	87	38	81	51	23	21	107	67	95	86	46	48	80	81	54	25	95	50	114	84	61	57	40	35	103	69	90	11	90	56	0	99	84	80	85	81	
61	61	60	98	50	66	39	15	63	92	99	112	89	48	58	43	70	43	46	58	114	48	86	98	75	94	36	113	92	106	90	100	108	85	72	47	28	58	79	99	112	120	112	45	103	0	21	36	48	40	
90	87	39	74	14	76	36	69	74	60	61	66	118	47	60	109	105	65	89	104	105	76	14	55	99	101	105	84	77	26	77	113	95	77	90	102	95	81	69	27	12	101	49	95	111	50	0	27	86	49	
71	71	93	26	50	72	45	27	53	27	51	41	122	35	41	51	87	61	45	37	115	102	122	111	32	86	61	87	77	120	58	69	96	46	8	74	41	47	122	114	110	99	19	85	25	103	87	0	56	73	
1	15	88	25	66	116	116	86	90	91	36	83	41	121	109	58	73	88	61	79	98	117	98	103	101	100	79	80	50	95	109	14	101	123	97	46	50	89	78	94	75	82	19	87	76	69	51	29	0	54	
60	50	113	92	51	117	82	75	102	73	67	110	90	113	80	96	14	77	111	87	46	39	103	114	54	95	67	117	122	123	55	111	41	69	99	63	24	50	106	64	82	44	68	42	88	32	28	20	51	0	

0	41	99	79	1	70	41	22	112	107	44	98	106	4	63	57	46	22	33	31	120	64	49	70	99	4	97	93	87	37	30	46	77	48	1	120	38	84	61	26	68	25	43	93	28	25	26	74	46	101	
24	0	114	87	24	54	21	8	90	115	35	108	84	25	49	64	52	26	49	45	113	71	32	58	94	21	117	90	73	32	23	47	74	35	24	108	15	73	52	12	88	37	37	100	35	44	36	60	48	120	
40	66	0	55	69	25	64	66	44	114	97	108	49	45	79	28	62	87	22	97	77	65	43	75	47	50	77	42	56	87	56	58	10	92	50	86	72	52	50	57	101	90	69	100	79	103	41	98	96	104	
26	42	123	0	106	99	95	97	111	46	119	83	76	85	123	106	87	78	112	52	67	107	109	60	123	75	98	108	122	87	69	79	117	37	99	50	111	87	107	113	81	63	99	48	89	113	101	44	96	109	
28	39	119	122	0	47	33	79	121	123	95	53	66	68	74	88	101	92	71	102	84	71	32	119	80	74	49	55	81	114	118	117	38	121	97	75	89	94	45	24	103	84	47	100	88	114	102	94	113	46	
103	99	122	98	93	0	104	67	79	106	104	56	88	66	106	91	24	86	118	45	109	37	96	120	108	31	81	91	19	31	80	33	93	46	69	30	9	25	69	110	84	105	81	97	93	64	49	30	121	65	
33	47	110	83	86	90	0	102	119	113	123	119	13	76	120	95	67	123	75	60	83	64	63	40	54	109	24	56	80	69	42	79	70	45	31	97	90	75	52	85	37	68	98	64	111	109	101	66	118	115	
88	61	123	102	59	50	118	0	121	72	94	12	119	98	73	75	79	12	67	85	119	96	104	113	115	24	111	104	78	63	104	93	55	98	94	102	67	52	78	105	92	110	55	84	91	56	97	112	51	102	
36	47	121	77	102	60	110	119	0	113	42	120	35	33	79	100	73	111	75	97	31	65	110	60	14	113	78	29	98	90	107	92	65	73	68	95	120	105	70	60	58	68	101	69	109	103	89	38	69	47	
35	26	122	120	16	61	73	34	92	0	83	98	106	93	105	55	49	50	72	86	76	102	91	37	81	100	45	65	62	62	59	46	61	22	78	97	72	46	35	35	116	57	22	82	29	80	63	121	74	94	
40	45	108	74	54	19	106	76	80	107	0	80	66	34	102	65	111	122	73	81	68	54	59	115	61	116	75	47	100	117	92	120	67	94	68	94	114	79	123	88	96	53	87	98	97	88	50	54	116	61	
84	118	39	91	115	97	106	92	102	62	37	0	45	34	74	30	100	117	84	113	44	44	57	98	94	116	110	20	113	120	103	122	99	76	84	70	103	47	103	123	118	40	114	80	93	77	41	64	109	28	
96	105	97	109	70	99	28	77	112	101	43	86	0	92	102	59	19	111	88	49	72	105	110	38	18	87	71	80	73	65	38	52	16	117	5	121	92	121	89	53	47	115	59	96	76	72	61	38	100	86	
20	30	99	85	99	53	85	121	24	112	46	80	115	0	118	78	98	41	66	110	95	112	29	86	110	121	117	111	88	100	85	67	106	39	116	17	118	74	102	122	109	56	113	61	52	104	81	101	76	51	
73	65	66	86	50	39	99	32	114	90	79	95	102	86	0	68	111	103	56	62	38	28	61	120	70	56	123	102	34	110	6	28	82	72	45	79	46	82	31	92	82	86	106	77	109	63	41	25	119	45	
115	105	32	35	80	108	57	53	97	69	18	65	73	66	92	0	21	36	99	109	94	79	79	71	44	100	118	92	95	37	94	103	107	55	96	47	107	70	109	96	30	48	107	83	71	55	82	96	49	59	
81	107	35	33	82	49	74	45	97	80	70	118	105	88	111	57	0	32	96	122	75	25	115	100	43	107	113	102	104	64	73	118	68	4	64	27	120	80	72	83	79	65	78	104	63	3	54	72	91	65	
92	100	32	36	88	81	72	71	97	35	88	73	91	100	70	63	71	0	38	81	44	67	112	70	55	95	44	34	77	59	115	73	59	73	42	52	109	75	75	35	101	62	33	77	27	70	101	116	85	39	
32	50	120	104	19	60	76	41	89	73	103	51	43	56	85	104	113	87	0	31	57	79	84	72	45	121	49	101	42	101	32	96	81	26	62	57	110	106	114	85	100	123	86	27	76	47	55	75	79	92	
31	46	113	78	96	117	115	27	100	14	93	62	54	48	122	120	108	123	118	0	86	97	109	106	86	50	122	99	104	33	110	73	102	102	108	85	42	97	80	52	121	122	112	93	122	73	78	109	81	86	
34	52	121	68	76	80	72	38	103	88	15	69	84	76	118	98	116	122	93	67	0	122	95	50	103	91	117	91	71	53	114	111	107	44	51	48	81	66	14	35	57	61	81	103	84	7	37	44	111	29	
66	83	117	92	91	81	38	85	38	101	80	100	117	46	92	102	87	108	103	91	123	0	53	96	103	55	97	41	72	79	100	93	71	83	97	114	88	98	116	100	83	89	114	22	55	123	94	113	47	97	
36	74	49	68	70	34	81	62	115	31	105	113	105	100	97	47	47	34	61	44	89	37	0	75	113	69	85	18	76	74	72	110	60	118	122	78	58	114	117	86	58	96	78	42	31	110	58	104	64	93	
36	24	104	122	116	85	25	109	98	49	85	75	79	29	106	82	87	74	77	50	106	102	70	0	52	107	106	58	56	39	68	108	55	110	72	78	33	77	86	69	52	115	17	58	56	79	119	49	56	31	
85	108	25	72	82	70	105	97	54	91	98	57	62	99	113	82	99	114	98	100	107	43	55	115	0	39	52	109	76	85	103	103	99	23	105	63	110	47	67	116	122	105	120	85	82	71	85	118	120	94	
70	42	95	119	42	78	51	64	97	108	112	113	119	116	48	34	25	34	27	13	78	110	107	104	104	0	94	106	64	61	24	35	70	107	11	62	116	123	57	42	58	23	118	22	23	61	92	53	112	59	
11	38	118	86	46	41	101	91	99	44	120	61	82	43	88	88	91	94	80	82	98	33	41	77	92	109	0	73	120	62	122	79	112	102	99	95	39	50	65	90	108	122	28	89	91	118	96	118	87	118	
55	22	93	103	55	77	74	86	62	94	99	66	54	61	81	118	108	80	62	71	94	36	22	88	110	90	72	0	56	87	123	82	122	86	120	50	80	86	92	81	122	75	67	73	102	106	30	94	64	55	
122	83	32	30	95	118	54	121	55	62	99	123	103	61	84	95	102	89	55	36	68	101	113	79	99	62	72	29	0	72	111	81	98	75	119	42	100	65	70	87	96	48	82	80	121	100	15	99	75	72	
73	75	72	100	70	81	53	84	98	30	87	62	79	85	76	48	63	46	62	81	20	107	109	73	53	17	87	99	71	0	114	78	43	85	95	67	39	13	34	97	88	32	14	58	69	71	83	110	110	111	
46	36	92	122	104	87	123	85	58	87	14	92	101	11	111	48	42	68	63	89	120	12	50	119	86	57	116	45	50	86	0	34	90	111	115	102	64	82	102	67	113	86	92	84	54	18	9	87	34	48	
12	42	79	82	45	17	93	119	13	110	75	17	59	47	78	54	34	19	32	23	73	91	78	82	108	83	36	48	54	116	15	0	82	97	121	108	58	68	97	74	118	99	78	92	45	26	7	82	34	45	
122	121	32	28	89	57	57	123	22	117	90	104	80	83	112	73	82	78	99	93	54	89	87	92	116	111	115	116	123	107	78	48	0	82	115	109	69	63	100	86	74	90	42	111	46	29	48	73	56	51	
77	59	57	35	100	64	75	35	118	39	85	28	61	77	81	14	15	45	40	43	59	76	39	54	30	44	64	29	75	87	62	63	45	0	86	77	30	91	90	80	116	105	46	77	41	19	33	88	15	64	
83	75	60	32	89	80	82	66	76	83	57	31	48	99	76	62	76	78	97	71	62	100	106	90	112	91	28	80	47	93	71	41	102	121	0	107	100	38	68	50	62	66	119	71	91	120	92	100	119	120	
70	36	80	72	82	56	55	114	69	65	122	75	95	26	123	93	100	87	57	34	95	61	44	37	71	85	76	114	91	45	78	106	28	91	47	0	87	76	92	93	33	77	79	111	55	80	90	108	121	85	
9	38	108	61	98	103	22	113	84	78	10	77	99	113	73	26	43	66	94	67	84	43	88	60	77	113	35	60	56	69	90	101	81	5	83	54	0	94	67	77	77	44	62	103	49	106	111	106	122	93	
57	43	97	109	7	46	95	37	96	26	72	75	63	53	118	67	61	84	111	93	121	48	13	76	76	44	103	79	123	65	103	94	18	69	47	75	64	0	112	58	66	88	78	105	25	81	91	94	61	35	
123	118	59	13	109	100	115	121	42	89	49	99	108	70	77	82	84	70	75	67	45	114	105	84	44	27	115	55	18	80	36	19	93	17	100	17	82	41	0	96	91	77	57	110	61	105	81	116	99	58	
87	121	104	100	56	10	106	89	47	88	34	81	67	26	116	109	99	106	74	83	17	113	94	100	97	116	85	18	48	46	111	123	80	16	75	36	82	67	56	0	65	89	48	113	81	81	62	96	48	8	
38	47	102	64	43	59	106	58	75	47	66	46	13	82	55	75	91	98	87	101	71	104	97	114	89	85	114	50	84	74	58	75	55	103	99	59	59	81	67	87	0	17	72	118	46	105	77	84	119	88	
3	42	113	62	74	98	92	40	101	110	65	51	65	65	61	117	107	82	58	39	105	78	122	49	4	41	109	55	67	44	100	89	69	48	104	86	77	54	84	38	49	0	60	77	78	81	30	111	115	112	
80	92	54	56	53	69	70	40	84	46	50	43	80	60	121	84	73	100	115	86	28	108	59	80	99	105	22	79	68	60	110	103	82	65	121	58	81	90	65	77	18	11	0	77	79	81	24	112	108	110	
108	87	35	70	57	54	57	57	109	55	41	76	108	74	81	121	105	81	79	73	38	104	78	81	82	89	45	73	35	104	71	39	73	114	96	123	48	93	82	60	64	78	110	0	50	82	116	36	41	47	
1	41	76	105	73	41	96	70	72	109	62	104	109	29	98	74	55	47	64	54	35	93	109	40	36	72	52	83	58	54	96	89	16	75	60	71	122	32	110	99	116	100	94	18	0	88	117	42	42	32	
18	32	122	123	74	87	76	45	114	115	95	41	58	122	23	72	85	88	59	30	99	64	68	84	109	108	66	38	39	69	78	49	103	57	121	74	86	44	88	51	20	28	80	14	45	0	98	20	27	22	
33	26	97	113	89	106	68	55	83	82	111	64	66	101	118	76	83	91	123	119	63	65	40	102	78	78	28	48	77	39	89	66	34	98	37	121	53	97	70	62	91	84	46	77	63	30	0	14	38	22	
61	57	95	48	70	73	106	38	111	14	90	26	50	49	117	77	91	71	55	62	67	83	53	121	119	87	90	99	106	57	74	42	113	43	97	24	78	89	34	112	98	109	88	114	80	11	88	0	87	107	
13	51	123	122	65	61	113	16	118	70	84	44	51	79	45	36	38	34	10	30	105	66	14	87	112	111	26	61	25	68	69	64	20	86	10	115	60	110	105	34	87	102	67	108	88	115	38	30	0	89	
121	114	42	90	25	45	104	57	73	89	91	116	109	80	107	82	73	72	51	43	93	90	39	81	84	75	45	37	67	83	35	17	76	51	99	111	28	110	78	64	59	48	88	77	36	55	55	63	82	0	

0	27	13	47	113	79	48	91	33	45	103	117	36	16	75	48	13	29	9	67	12	8	5	121	84	23	39	39	22	17	5	20	87	61	66	76	59	34	86	92	78	108	85	113	43	79	80	55	107	88	
41	0	48	47	103	80	22	121	25	33	66	77	71	39	50	84	34	31	33	71	34	43	43	95	123	39	19	56	52	28	43	44	97	22	66	36	94	68	66	119	72	85	58	105	36	68	116	37	70	64	
30	44	0	49	92	102	25	112	23	49	29	97	49	14	82	51	13	31	59	108	64	33	70	61	85	22	56	14	11	55	81	5	82	54	64	49	71	86	101	78	31	60	60	109	42	59	106	59	58	52	
63	71	46	0	76	121	35	104	41	74	48	89	85	55	100	44	45	33	75	65	86	73	65	50	112	28	58	39	41	88	117	44	72	74	85	9	99	45	99	33	32	55	53	123	17	29	90	44	76	68	
40	20	57	68	0	120	84	42	81	62	74	100	121	71	50	45	59	69	63	107	26	62	115	98	52	73	92	89	36	40	50	36	105	71	55	67	101	95	81	75	76	95	65	84	78	85	86	27	57	89	
42	64	93	83	95	0	78	76	98	112	123	86	102	99	92	72	64	50	36	115	112	90	105	103	95	97	90	91	112	116	81	81	105	102	87	39	12	6	85	94	26	117	37	46	109	21	56	106	96	108	
68	54	74	69	108	89	0	97	74	56	91	42	114	37	75	35	60	108	88	71	39	35	98	119	119	56	17	77	70	32	111	114	114	109	6	123	91	88	31	79	71	73	85	83	62	105	70	109	36	104	
34	8	54	85	78	109	41	0	47	80	106	67	117	6	56	30	40	113	52	65	35	59	81	88	114	68	43	71	41	55	90	97	88	69	41	120	65	64	33	96	80	63	57	85	78	68	83	100	39	110	
63	43	16	40	90	76	59	68	0	93	120	52	118	70	35	75	41	89	86	110	61	28	61	24	121	21	92	7	103	88	29	85	85	78	67	93	23	74	85	44	74	52	52	66	64	1	107	87	59	54	
48	51	4	51	103	115	59	88	88	0	38	115	56	70	113	43	94	46	110	31	57	108	81	74	44	74	88	84	29	13	96	79	114	34	31	22	82	93	55	76	111	77	105	69	87	88	71	36	77	105	
113	87	92	48	116	42	109	25	70	73	0	110	99	93	97	91	114	113	50	73	102	109	103	35	76	83	118	97	67	75	30	23	111	54	85	67	45	121	122	61	122	25	48	81	70	73	30	50	43	41	
29	49	4	49	55	72	72	95	63	40	46	0	81	80	80	81	80	106	44	75	58	122	59	63	92	52	91	62	111	55	55	44	95	55	48	22	30	103	121	67	82	52	32	100	98	67	60	49	67	80	
123	107	68	108	42	100	34	105	69	47	56	88	0	48	121	15	60	116	86	51	39	57	85	44	51	53	39	93	85	83	35	78	66	52	112	84	112	30	59	118	77	101	84	120	43	34	45	64	52	80	
73	68	106	101	31	97	24	96	67	102	110	82	91	0	46	87	49	123	121	52	114	71	7	71	113	80	56	65	90	77	111	74	120	47	84	69	48	107	122	49	80	52	34	96	108	66	49	97	57	52	
2	26	53	90	98	60	87	99	57	113	112	81	86	106	0	23	67	95	40	112	119	37	101	57	27	34	106	106	114	102	43	80	114	103	42	46	70	13	33	58	104	85	74	22	45	60	76	49	63	71	
115	107	117	84	25	100	36	75	39	108	118	71	102	97	101	0	84	99	114	112	121	76	103	76	123	116	49	20	40	8	93	84	78	79	65	116	45	103	89	68	12	40	105	88	110	59	102	57	47	74	
25	33	17	56	103	25	62	123	81	99	99	60	105	63	44	52	0	122	105	97	122	95	73	96	102	79	10	39	38	46	65	56	72	31	21	121	55	112	108	17	46	62	57	65	121	15	73	38	15	39	
25	40	35	49	87	112	47	113	86	25	40	123	94	88	46	66	84	0	40	123	68	44	68	37	39	80	76	115	55	66	66	112	69	89	87	95	108	91	108	75	104	81	94	96	38	79	84	58	95	100	
57	33	43	59	35	87	57	49	29	76	104	117	91	76	110	114	40	103	0	92	51	113	109	102	115	77	75	25	88	78	116	76	85	103	34	69	112	105	36	119	24	87	74	114	98	46	29	69	97	51	
108	82	49	3	75	80	62	77	56	57	35	116	49	6	49	43	83	92	102	0	87	119	94	97	61	104	97	123	72	102	83	115	45	85	79	58	86	55	99	79	87	59	61	98	104	121	117	41	16	109	
43	30	68	60	38	95	113	37	41	81	56	81	46	77	115	97	84	53	26	95	0	63	90	3	53	65	60	104	108	56	32	95	90	17	65	118	62	50	78	62	93	74	46	53	73	118	40	100	87	55	
67	60	77	74	123	59	93	108	118	27	55	56	85	61	64	51	73	78	69	63	113	0	33	112	72	75	92	37	58	120	102	58	98	100	91	93	57	78	98	72	62	104	91	91	104	86	85	92	72	91	
122	115	73	101	36	108	67	53	37	64	86	102	106	62	50	30	108	118	113	117	44	47	0	79	44	119	64	78	66	83	123	82	112	108	94	84	25	104	100	69	26	93	88	45	106	77	50	48	38	122	
40	39	14	40	104	92	82	119	109	51	74	55	113	90	74	81	17	113	105	111	50	75	91	0	72	86	50	61	78	16	58	108	67	36	118	123	76	57	61	74	69	104	77	75	108	112	111	122	93	121	
58	44	47	10	77	122	80	61	94	53	33	78	103	60	17	28	88	108	73	89	62	96	91	37	0	117	17	41	100	45	25	99	56	49	101	88	108	48	77	57	55	97	81	77	104	105	96	106	108	106	
19	34	71	110	49	76	103	46	55	88	105	22	94	64	23	19	100	57	85	91	88	40	32	63	16	0	11	32	94	37	39	94	45	56	98	98	106	38	84	53	68	83	90	66	98	115	81	92	116	113	
122	108	80	115	121	67	21	99	121	116	90	59	32	62	94	100	61	82	50	112	49	78	75	113	83	67	0	80	28	69	103	56	56	84	48	100	79	73	54	56	100	30	34	21	120	109	102	66	64	53	
54	50	28	52	119	52	79	105	122	48	74	47	41	45	41	45	113	97	71	69	26	60	86	15	81	78	78	0	100	67	60	112	73	116	105	31	33	88	42	53	90	106	74	58	58	62	83	107	60	115	
49	74	32	46	87	80	16	105	123	93	76	112	69	47	80	101	51	93	87	14	97	68	98	25	79	103	100	72	0	24	34	112	60	51	122	50	97	116	52	62	34	112	9	54	87	24	85	47	73	59	
18	15	48	94	98	47	33	86	123	73	50	94	31	42	52	59	95	66	81	100	64	75	99	83	64	118	109	112	62	0	57	81	110	107	107	74	49	62	59	27	33	84	62	53	41	46	74	24	54	64	
30	18	42	84	54	117	54	51	30	94	110	11	88	85	120	99	107	53	44	120	76	56	53	64	45	119	120	71	38	30	0	95	108	98	118	46	24	33	53	25	41	101	57	26	35	53	81	27	62	77	
4	29	48	24	93	58	65	66	94	111	104	43	115	119	75	87	100	46	37	100	69	48	52	120	72	77	73	12	97	116	74	0	71	54	82	70	52	90	108	85	112	97	59	83	82	61	57	48	95	111	
96	113	79	120	55	103	92	81	83	53	19	109	32	44	43	61	50	109	102	16	98	67	81	66	79	66	73	114	79	72	42	59	0	12	45	42	59	32	52	31	95	105	30	30	108	12	102	96	99	88	
14	26	42	75	8	113	80	74	104	15	46	100	49	70	98	114	118	86	64	36	103	63	81	97	50	110	115	82	42	62	111	113	85	0	123	110	111	92	106	58	107	46	107	71	58	83	122	108	105	13	
30	15	44	24	70	113	96	53	59	77	71	43	106	98	113	97	44	100	108	82	92	88	70	89	50	96	87	102	98	111	90	29	51	49	0	71	113	110	96	31	96	64	102	44	34	45	109	118	118	39	
27	18	39	55	47	103	76	81	84	47	46	71	84	100	56	40	50	119	84	92	31	51	55	29	59	77	67	54	119	101	71	34	40	39	118	0	25	9	42	108	69	106	36	85	119	105	102	53	55	120	
110	122	106	80	36	123	55	88	90	13	38	78	73	54	52	31	58	122	97	73	43	86	89	64	99	32	35	74	112	118	98	21	80	69	104	79	0	85	43	89	113	102	49	91	100	59	54	33	81	90	
27	18	40	69	77	123	91	63	101	36	16	106	116	96	114	102	80	49	69	123	80	116	105	117	114	49	52	36	99	109	103	10	65	68	109	49	45	0	25	53	106	106	47	66	70	74	28	17	96	121	
58	76	110	109	37	89	22	107	83	36	21	92	119	115	99	101	84	92	115	67	83	106	83	113	117	9	17	87	41	33	47	65	40	44	106	60	49	66	0	65	73	110	45	27	43	73	87	80	81	95	
73	83	116	79	75	77	98	8	45	91	58	122	79	61	83	77	63	99	101	70	39	58	49	96	118	123	113	110	93	95	121	95	114	123	47	40	40	113	90	0	59	71	97	93	65	78	48	105	100	102	
122	118	116	105	49	111	37	121	104	107	82	60	74	86	81	89	6	123	110	73	113	52	28	63	43	102	94	75	102	119	104	105	96	104	100	49	65	105	115	95	0	35	29	86	79	111	101	46	23	111	
20	21	53	26	67	79	123	65	34	97	122	53	61	97	101	79	34	91	52	118	105	44	48	101	59	107	99	76	92	75	53	58	67	61	104	123	122	64	83	81	92	0	73	71	82	71	97	113	95	73	
53	63	99	57	80	87	60	77	62	56	90	57	93	85	46	30	97	50	17	88	81	28	31	66	39	89	95	88	24	22	45	52	61	64	86	74	71	97	84	60	60	39	0	106	51	57	122	113	120	98	
97	109	123	80	97	48	68	42	52	120	88	61	123	102	78	76	82	87	93	40	52	91	68	65	86	44	43	83	75	55	36	90	25	28	114	50	42	52	60	108	74	97	26	0	51	57	111	109	121	87	
27	35	54	85	27	113	105	11	55	60	89	91	104	91	114	92	19	104	96	76	108	116	123	100	87	35	37	112	94	111	97	98	87	94	40	84	81	56	50	73	38	42	106	16	0	43	114	94	122	74	
51	64	95	67	48	105	37	83	59	89	77	94	64	70	96	77	77	116	89	39	89	110	93	70	15	103	97	91	38	19	68	101	82	79	47	61	68	107	120	111	123	105	56	62	110	0	6	55	25	99	
36	32	36	31	52	77	101	59	89	34	37	122	108	65	94	72	29	97	107	60	36	85	98	81	55	104	101	40	116	104	120	42	79	85	74	75	56	88	77	17	70	91	34	108	69	47	0	36	51	96	
79	69	78	93	55	83	102	45	81	99	104	77	8	45	67	49	51	92	73	56	49	90	113	56	23	108	98	101	51	50	103	28	58	50	113	118	112	81	79	50	10	27	72	38	79	103	100	0	93	81	
89	100	121	102	101	65	35	84	47	113	111	123	51	68	42	46	76	105	122	57	44	51	28	84	101	82	89	74	30	7	54	81	13	12	120	119	97	17	26	41	97	77	31	105	104	92	92	64	0	118	
25	10	40	42	104	113	114	36	33	77	97	105	48	17	47	47	40	101	102	91	85	120	118	90	96	43	42	82	36	45	19	95	41	43	92	72	65	21	19	75	42	73	81	82	35	67	65	88	91	0	

0	24	16	101	64	20	28	1	27	114	86	35	6	111	111	50	64	68	80	1	101	62	101	123	27	59	34	96	84	52	98	5	118	113	25	58	10	53	102	36	86	64	113	11	94	21	60	77	88	59	
78	0	88	94	112	94	98	78	54	89	113	110	80	104	68	73	25	26	123	78	103	83	90	46	59	91	87	107	82	99	113	79	60	112	93	109	69	117	57	108	116	36	120	85	82	92	106	29	43	82	
107	96	0	123	78	120	69	30	87	8	73	65	108	46	81	113	92	119	75	32	19	118	94	52	75	22	91	99	96	30	120	100	38	75	11	30	106	79	82	51	123	106	35	52	122	89	33	117	90	112	
118	110	28	0	100	97	89	40	77	27	51	73	116	22	96	102	117	116	80	52	24	111	83	64	51	21	103	77	69	19	107	117	14	90	20	17	99	67	106	60	99	106	25	73	113	84	12	99	81	85	
120	103	117	49	0	70	68	46	41	70	86	61	86	39	93	60	74	109	77	46	66	79	114	52	21	49	83	80	59	59	74	119	44	114	36	49	88	34	60	42	68	71	43	78	98	47	55	57	78	83	
108	101	101	31	78	0	67	116	113	46	91	123	83	52	63	121	49	59	30	45	118	14	103	28	84	85	11	62	107	117	92	113	39	112	108	95	45	104	99	97	61	74	83	122	73	58	78	43	37	110	
118	95	52	110	99	44	0	122	105	28	84	82	56	21	30	99	33	92	21	44	104	35	87	55	85	44	37	56	83	78	103	103	40	89	71	108	66	85	101	99	40	35	105	87	46	49	59	63	24	115	
122	99	27	110	61	78	117	0	69	110	104	100	96	119	110	117	98	62	114	90	120	104	102	85	111	116	122	93	111	41	71	92	118	41	68	58	68	99	104	62	92	86	40	77	83	119	102	106	116	35	
8	19	70	110	35	45	58	79	0	76	91	39	105	98	49	67	24	35	85	25	53	87	33	89	99	104	77	46	59	39	97	91	108	87	33	29	98	49	112	66	26	55	81	10	33	97	46	82	47	88	
25	28	93	91	107	99	74	113	66	0	42	62	117	74	73	65	44	32	107	86	18	73	64	75	84	76	101	103	58	48	121	43	95	46	81	82	50	54	49	121	66	12	30	57	70	89	66	34	105	29	
69	69	41	102	81	75	12	113	109	48	0	47	71	104	47	107	52	73	104	70	61	73	52	94	97	72	109	114	38	66	109	7	113	11	91	91	8	47	84	117	49	37	46	89	55	114	25	48	110	66	
4	25	81	89	29	61	83	110	109	120	110	0	89	10	74	53	76	65	29	53	101	55	116	107	120	78	92	98	105	64	57	104	43	102	113	103	110	120	27	101	68	84	97	117	91	65	114	100	111	78	
96	82	63	99	81	71	118	112	60	85	50	57	0	58	35	80	115	57	79	21	81	26	94	51	81	123	58	105	50	16	90	116	78	66	112	71	97	112	66	92	76	77	67	68	44	54	123	70	108	59	
97	90	4	120	112	107	106	69	114	114	74	39	68	0	82	85	84	55	30	52	76	67	105	37	118	66	46	111	96	69	82	120	15	80	111	87	117	50	92	64	26	68	15	56	86	104	116	37	83	18	
66	51	38	109	95	110	59	71	36	87	91	110	64	99	0	62	106	74	74	92	91	98	70	102	35	111	62	123	11	54	54	95	104	122	59	18	67	55	43	94	80	45	86	67	87	92	74	117	25	100	
23	35	88	39	70	91	80	120	117	67	43	10	86	75	63	0	77	40	22	94	41	120	43	64	51	91	39	104	66	103	114	91	74	73	113	70	24	58	67	123	111	31	84	8	123	112	20	111	43	106	
37	43	59	86	121	57	115	97	105	123	90	71	75	110	106	89	0	74	89	50	90	44	110	61	116	56	113	93	63	116	102	71	66	119	118	43	87	42	115	100	44	83	118	92	38	26	104	80	121	37	
73	86	26	112	23	90	32	120	88	77	106	82	73	20	76	35	74	0	120	97	73	89	60	39	93	89	94	121	17	45	115	118	55	96	72	74	85	113	90	111	43	27	74	64	42	86	41	31	75	62	
46	55	61	111	97	105	115	8	70	68	49	67	65	13	82	79	89	95	0	65	27	97	94	94	94	77	38	92	109	88	104	71	57	23	98	91	32	29	110	42	75	77	44	82	71	80	115	65	86	114	
45	39	83	46	116	115	115	46	112	56	36	15	95	59	116	117	121	106	69	0	61	96	61	48	83	76	80	115	70	42	55	117	97	59	83	118	50	80	67	74	86	100	79	18	51	78	59	60	34	120	
4	25	73	91	31	49	48	121	92	37	71	68	25	40	54	99	94	31	117	122	0	88	84	88	117	84	84	11	103	89	74	95	115	114	120	64	97	78	63	75	65	46	50	118	78	119	81	64	89	27	
65	76	80	45	77	35	98	80	78	35	34	64	117	113	87	113	105	104	92	50	87	0	7	19	97	40	50	84	120	37	73	81	48	57	40	104	57	15	29	66	48	42	78	86	27	74	9	84	120	94	
18	39	74	90	27	61	104	62	60	30	47	43	97	82	85	76	92	107	105	70	22	92	0	108	103	113	44	92	47	56	72	101	56	40	121	48	64	99	99	27	97	88	35	34	100	62	87	122	91	70	
67	67	122	53	107	45	97	71	45	34	10	53	56	49	49	21	83	73	85	111	51	87	88	0	17	97	53	14	50	121	25	64	62	56	69	122	30	74	78	85	117	57	80	111	26	47	109	91	113	71	
95	106	92	119	45	91	120	98	120	117	102	119	55	63	88	51	62	102	39	53	28	89	90	81	0	76	60	71	43	97	89	114	51	107	26	52	70	119	17	32	101	108	11	114	63	87	53	49	117	112	
59	59	76	123	86	19	68	92	102	59	35	64	27	58	93	87	94	85	107	100	117	116	118	108	93	0	119	81	105	19	41	79	48	62	99	121	120	80	97	83	80	111	92	76	106	13	80	98	57	122	
17	18	75	117	38	55	75	90	75	107	101	109	61	50	68	122	119	106	32	88	37	99	94	115	120	70	0	26	41	80	92	100	48	13	116	92	69	102	94	45	115	55	63	97	86	81	96	114	80	96	
56	63	108	60	86	77	113	18	84	14	38	81	101	84	78	28	78	117	53	87	91	53	51	112	118	49	81	0	68	116	93	67	96	85	41	104	122	118	62	59	101	87	100	108	82	26	119	103	11	65	
84	70	62	112	14	73	11	119	91	67	83	67	73	84	51	80	44	89	74	82	22	70	67	115	101	95	114	90	0	65	87	53	105	80	105	119	66	121	96	101	38	69	115	20	82	74	105	30	89	49	
50	49	99	102	10	67	18	120	82	47	79	40	77	116	88	54	73	103	87	32	41	105	103	108	96	76	85	79	48	0	66	24	119	68	115	93	27	97	62	63	82	42	118	61	61	54	63	21	84	69	
115	99	68	107	63	40	69	61	28	85	72	113	47	31	106	57	92	19	108	61	30	76	77	87	96	85	83	59	48	101	0	100	87	80	110	40	113	33	121	96	51	95	41	70	45	85	53	82	98	34	
10	28	96	105	34	56	97	38	45	48	11	39	102	82	20	79	58	101	106	106	120	111	113	120	119	44	103	100	91	94	82	0	57	104	60	52	114	61	86	70	114	102	56	31	102	16	66	91	42	104	
2	23	95	116	105	75	68	55	121	116	93	67	66	36	92	117	118	67	102	38	80	92	92	28	43	56	107	91	62	63	14	103	0	78	80	115	96	107	28	67	122	118	103	123	69	98	59	90	115	91	
19	19	77	83	58	14	58	109	97	114	76	99	109	113	77	122	61	114	25	84	107	48	49	102	99	99	63	74	29	66	119	72	79	0	109	94	91	100	83	19	101	65	32	99	62	80	95	34	107	63	
59	60	37	103	119	77	75	50	88	102	81	122	44	15	88	50	57	109	94	46	57	92	86	92	95	36	87	109	48	92	122	40	44	40	0	120	72	107	95	48	115	92	17	84	97	113	109	56	115	58	
23	32	102	31	120	75	26	108	108	49	38	73	29	49	79	105	35	105	44	22	66	112	116	32	20	91	106	102	118	64	52	81	41	49	72	0	98	60	105	43	100	95	69	22	117	88	73	39	83	103	
57	52	85	115	18	82	104	29	69	109	90	98	87	123	83	32	102	96	49	48	54	51	53	99	91	51	116	110	116	95	61	52	97	20	95	123	0	69	44	116	105	120	122	107	42	62	123	115	108	46	
112	97	18	116	114	113	84	42	80	31	50	11	82	45	54	74	7	76	57	26	58	73	75	97	89	86	82	68	99	76	59	48	50	115	38	120	65	0	73	76	81	104	108	83	95	48	122	72	52	30	
28	12	90	55	119	60	68	78	96	56	46	17	103	123	103	79	75	62	63	118	96	11	16	109	116	95	116	99	85	65	46	123	95	77	66	111	96	91	0	26	116	70	93	104	94	92	64	55	65	115	
112	121	51	77	51	34	81	83	63	69	100	54	37	40	113	95	32	96	46	24	71	55	59	102	105	78	104	85	37	76	50	57	44	73	39	112	118	59	25	0	121	66	115	121	76	108	75	56	86	108	
87	75	51	118	90	50	40	113	107	102	110	114	52	74	79	70	104	114	114	73	56	109	113	25	13	80	111	113	85	95	75	35	89	102	44	79	87	98	53	28	0	48	114	115	88	110	65	69	72	122	
14	32	57	123	109	51	73	111	59	40	55	56	109	59	42	41	56	42	100	38	65	28	25	89	98	77	115	118	85	102	110	31	42	90	55	70	108	60	45	61	94	0	75	44	34	29	32	91	60	106	
3	22	93	104	94	39	65	59	65	68	79	33	108	59	86	56	43	115	117	95	100	30	35	82	89	74	86	94	79	52	49	55	92	121	45	81	31	57	17	26	114	112	0	70	119	97	110	40	55	63	
72	60	45	104	105	53	70	73	24	86	90	120	73	72	80	31	81	18	122	60	10	91	87	38	37	59	82	80	52	74	94	39	94	96	68	117	59	41	96	80	111	76	51	0	84	50	120	21	43	23	
69	88	90	68	81	40	73	61	40	49	43	24	72	78	64	92	84	56	65	23	51	97	96	84	74	105	111	86	25	55	68	59	59	30	107	16	97	115	63	73	96	55	26	86	0	117	57	72	52	97	
90	71	47	123	31	81	107	84	105	107	90	99	35	48	77	103	116	103	49	103	123	114	114	45	48	30	118	98	63	73	56	50	101	121	50	87	66	71	54	42	104	71	66	116	107	0	119	64	97	20	
31	51	75	60	85	44	89	73	72	120	85	63	39	66	42	88	38	53	87	69	83	17	17	101	86	73	54	38	63	97	115	110	85	50	82	59	107	117	84	62	112	95	39	40	119	69	0	55	84	61	
108	92	19	111	93	123	112	14	68	40	48	71	98	50	86	113	97	85	45	104	66	44	45	86	95	23	115	107	88	53	14	98	51	43	77	108	36	83	29	10	113	113	88	53	58	82	93	0	18	65	
58	46	59	80	22	85	62	72	53	81	62	62	81	55	57	42	58	110	60	53	96	28	25	114	111	76	57	62	44	35	67	95	45	111	103	120	85	113	74	88	46	80	67	43	70	122	8	50	0	18	
55	70	32	110	20	81	106	80	55	30	51	85	56	100	107	89	27	91	83	102	89	14	13	98	89	59	122	106	70	55	14	97	73	52	64	63	52	24	71	90	50	82	8	65	100	73	48	33	44	0	

0	89	24	72	54	123	105	43	109	43	106	115	74	48	9	72	34	31	19	121	93	39	77	120	99	22	45	18	123	110	90	24	75	113	96	5	32	120	47	17	39	30	8	32	120	59	23	31	90	42	
71	0	92	64	85	108	65	83	63	54	121	64	22	31	63	88	101	89	78	109	57	71	30	88	42	64	109	75	59	49	110	85	29	116	119	73	43	81	70	67	73	68	76	77	55	108	74	80	28	74	
61	72	0	86	43	72	13	19	99	68	120	108	59	96	36	76	111	82	31	112	121	82	98	98	111	68	45	98	57	92	68	95	52	113	56	95	49	49	97	56	47	114	40	91	63	64	97	122	70	93	
87	79	100	0	88	77	106	112	51	96	66	62	121	22	84	48	42	27	121	61	118	108	15	96	115	103	62	30	70	47	70	53	84	82	118	91	107	100	79	100	100	113	92	87	53	96	117	117	96	63	
35	76	28	96	0	48	64	115	98	27	86	120	45	83	33	77	107	100	51	120	109	24	94	29	107	76	44	76	107	70	89	88	97	48	51	71	99	20	106	17	58	115	43	67	100	109	117	102	92	102	
92	30	64	46	59	0	37	80	111	61	82	88	60	110	62	34	58	64	68	105	57	76	91	81	122	76	22	122	56	26	67	35	110	83	75	48	90	67	51	58	48	71	44	117	95	83	92	73	105	66	
110	116	121	52	123	102	0	35	62	70	92	99	84	100	100	104	71	114	37	62	55	52	72	36	26	84	93	46	120	104	110	69	36	22	104	89	35	74	118	72	120	45	122	33	87	70	44	116	56	50	
122	34	61	34	93	74	107	0	48	100	76	92	102	42	58	104	84	107	87	101	78	68	75	119	106	85	47	90	59	62	109	123	92	123	56	89	81	48	116	74	118	91	112	75	106	76	109	91	105	80	
96	67	74	64	56	76	78	80	0	121	20	102	38	96	119	62	119	50	45	91	94	21	47	102	58	36	89	44	80	45	51	96	17	54	50	15	24	57	72	55	83	85	49	77	70	51	65	15	53	59	
89	105	101	32	118	117	103	105	107	0	110	96	114	58	55	68	31	118	68	28	16	104	70	115	84	81	68	105	62	112	75	68	107	113	81	109	107	120	52	73	66	54	115	40	109	78	72	119	77	75	
31	65	39	104	102	60	65	37	15	123	0	89	17	87	91	63	113	67	102	101	114	95	104	99	89	101	58	90	110	109	79	56	86	21	72	77	74	121	106	88	92	85	91	89	63	74	72	109	118	52	
97	95	10	94	93	107	98	77	59	72	61	0	65	44	47	122	59	70	114	111	118	42	51	115	34	105	103	63	77	102	35	60	85	55	62	18	47	82	88	74	41	55	95	91	57	28	88	50	98	68	
67	35	121	123	119	78	70	38	19	120	79	82	0	49	58	105	36	67	65	117	68	87	74	102	107	51	40	116	7	104	113	42	102	34	91	67	77	40	114	20	43	56	49	68	40	88	69	107	84	31	
38	121	118	67	85	89	80	93	91	83	105	94	111	0	94	30	95	102	72	45	68	69	51	39	120	86	119	65	106	122	71	71	26	78	113	71	119	122	26	92	101	108	76	86	113	58	87	69	68	83	
109	116	48	95	53	67	77	88	74	59	107	87	116	73	0	68	117	67	100	45	28	9	65	47	94	118	50	81	97	113	17	105	48	51	55	66	113	68	95	27	84	82	42	104	122	67	86	62	49	119	
56	61	123	61	97	104	72	76	101	55	63	109	73	95	108	0	82	83	68	112	108	106	123	72	18	70	79	84	82	11	121	81	61	118	85	95	93	74	78	115	117	84	117	96	103	42	116	89	81	111	
21	104	35	103	59	43	62	35	63	117	25	83	67	95	66	49	0	113	79	95	73	78	121	113	39	27	101	75	107	43	84	88	14	88	55	92	81	117	51	96	71	101	109	115	113	64	83	80	60	72	
35	95	95	111	37	32	34	9	52	94	59	71	68	75	29	92	94	0	57	89	81	113	99	84	73	102	108	22	64	96	114	71	100	65	84	21	24	53	79	62	65	69	113	70	39	46	111	113	46	88	
26	101	38	119	75	33	37	14	60	94	40	102	113	87	123	68	122	57	0	79	80	79	94	40	53	82	60	73	75	55	73	30	122	63	102	41	39	7	83	94	60	20	61	24	49	45	79	66	83	111	
21	86	61	59	47	56	29	52	6	121	17	101	82	61	66	67	39	122	84	0	58	97	59	101	66	31	37	39	19	97	89	95	77	42	29	96	73	80	104	63	108	76	42	105	92	113	117	95	48	86	
7	90	27	76	15	46	45	14	53	103	14	83	74	43	119	76	12	104	103	53	0	45	38	55	107	50	88	57	41	69	78	90	84	40	28	70	117	99	58	34	103	82	57	73	75	115	75	85	99	42	
40	79	97	17	96	90	89	106	117	76	108	116	76	70	47	81	66	62	65	72	91	0	78	95	28	109	80	94	93	71	76	22	94	55	92	59	63	102	68	101	48	40	61	30	68	60	97	110	101	66	
56	97	89	113	66	61	69	63	51	76	109	66	123	76	22	62	35	91	38	104	73	58	0	96	31	95	28	121	80	74	98	53	68	35	37	59	58	52	34	48	76	29	82	84	102	53	123	78	116	107	
107	122	86	10	95	62	76	92	107	24	113	97	60	86	56	64	48	95	77	107	59	21	89	0	73	115	67	46	111	33	48	54	23	73	115	36	50	57	120	49	35	76	106	120	14	55	44	103	98	50	
5	88	91	76	22	35	59	85	98	63	117	96	82	56	117	99	120	120	71	112	100	78	61	107	0	79	64	91	116	117	121	82	88	35	47	95	67	75	61	60	73	59	54	24	115	100	119	83	14	95	
17	77	20	103	122	117	105	110	79	63	48	98	87	101	101	95	51	85	85	26	66	25	86	62	105	0	89	65	100	87	64	60	32	112	82	43	50	112	112	109	47	93	63	109	75	31	74	49	93	19	
59	87	113	63	82	109	90	113	115	22	120	70	68	20	107	41	57	106	53	59	30	52	118	68	43	65	0	70	60	34	30	100	72	122	84	106	88	82	99	118	39	89	119	53	54	93	60	86	94	69	
108	61	100	92	101	108	77	91	117	29	98	123	103	89	49	50	43	83	27	99	120	92	75	72	91	61	99	0	81	121	95	67	97	36	120	47	104	104	86	73	111	80	60	55	102	46	111	56	93	122	
73	105	118	64	31	54	40	26	39	92	107	42	53	45	85	25	93	103	97	68	92	88	11	94	92	17	95	89	0	64	118	59	90	60	39	94	62	104	47	57	82	44	105	46	117	69	72	68	22	43	
110	25	114	111	37	75	70	74	88	36	103	96	119	99	37	59	117	30	29	55	49	82	59	52	29	55	97	83	116	0	92	92	57	95	121	42	107	47	97	122	42	93	28	78	65	72	121	76	114	100	
116	101	81	122	119	92	68	58	92	43	80	43	76	82	38	81	82	34	80	119	94	72	102	114	113	92	13	61	96	103	0	39	116	101	94	93	99	57	60	72	90	95	85	121	59	39	34	96	113	91	
50	46	77	12	84	39	12	26	33	105	88	73	67	45	108	79	55	63	29	79	111	106	115	52	104	62	115	94	44	66	76	0	53	55	97	85	82	112	42	32	34	89	27	62	80	53	49	113	93	57	
39	56	45	51	122	80	63	55	19	113	4	90	41	49	58	123	43	120	67	108	119	113	49	120	122	55	116	99	94	31	92	101	0	74	89	81	102	22	117	116	97	110	94	70	78	112	53	123	72	69	
1	89	36	113	73	68	40	20	66	76	110	60	121	108	17	54	54	119	88	109	81	68	65	34	97	87	74	95	51	106	31	28	48	0	55	115	120	64	103	111	89	120	116	114	97	75	45	89	117	60	
79	36	122	95	38	68	84	88	52	85	61	68	110	96	111	101	107	77	91	48	24	52	71	73	21	77	112	92	19	75	67	70	119	114	0	38	66	65	89	29	105	30	65	15	82	114	113	37	93	85	
119	48	85	106	27	39	21	43	46	80	87	79	96	121	51	110	110	6	58	45	81	59	111	94	71	21	81	84	12	69	37	62	28	80	53	0	66	22	45	34	115	40	82	46	73	66	98	66	91	122	
10	95	76	60	65	22	44	37	58	104	77	95	36	65	114	100	39	96	90	100	46	50	120	121	87	59	64	99	78	45	118	94	99	38	25	20	0	29	53	50	119	25	70	48	78	67	109	52	107	110	
54	123	85	4	90	81	60	90	78	73	119	44	82	114	23	88	37	122	89	98	57	55	93	102	113	43	115	61	92	51	118	90	98	89	49	45	81	0	82	86	53	92	83	66	71	108	67	42	63	90	
82	112	83	75	17	33	13	33	39	106	24	105	100	103	95	66	45	85	90	123	95	66	22	113	80	118	62	72	20	82	96	87	111	108	98	64	115	94	0	26	102	96	12	117	49	99	93	83	49	78	
119	63	43	75	33	33	5	37	29	102	86	114	52	80	121	82	52	117	83	14	68	35	98	115	44	112	73	8	85	52	93	108	59	49	79	58	33	53	68	0	66	68	72	100	73	75	46	79	115	96	
41	100	93	68	103	63	70	43	10	123	79	92	103	104	42	35	111	96	74	14	66	56	88	31	68	87	26	64	18	77	122	103	78	123	72	54	59	85	38	26	0	48	68	109	72	65	39	62	102	107	
71	95	45	111	38	52	34	43	54	89	29	72	75	61	84	84	67	104	113	91	48	68	54	117	98	36	94	119	104	123	59	64	15	80	68	102	46	56	35	28	88	0	26	109	117	36	118	61	97	81	
11	92	6	84	108	97	84	88	59	78	88	20	73	83	20	59	30	117	83	84	44	78	37	122	76	77	93	62	83	112	77	49	7	73	41	48	71	58	53	71	72	88	0	120	89	54	39	79	89	111	
20	99	43	50	47	75	47	31	62	94	77	76	85	77	72	16	91	26	60	60	32	26	81	110	64	35	61	18	81	75	57	47	56	69	93	81	68	50	84	61	104	113	109	0	93	107	96	47	101	102	
96	120	67	79	122	110	97	79	59	122	108	95	71	70	39	61	39	118	80	18	50	90	39	79	99	73	104	56	39	75	91	95	54	97	116	116	118	108	91	113	59	47	24	122	0	86	57	115	109	97	
108	43	98	56	60	79	104	90	57	100	29	113	61	36	59	119	104	80	122	54	73	102	103	13	72	41	79	119	41	103	117	103	116	101	87	106	98	85	97	112	92	85	98	72	98	0	121	67	90	73	
67	107	100	96	66	44	53	86	91	56	81	70	109	99	64	21	91	24	42	82	123	95	112	99	106	44	64	37	59	75	118	90	40	65	110	78	58	74	86	80	56	72	64	123	115	75	0	15	31	85	
52	117	54	116	71	29	53	65	75	96	29	63	72	30	119	82	77	102	68	46	70	29	99	104	104	51	96	99	56	52	79	108	73	59	63	70	64	70	123	115	100	63	38	106	48	71	111	0	103	117	
47	49	60	120	53	63	44	44	8	121	29	90	69	105	110	55	110	60	62	47	97	81	117	71	120	117	51	26	79	60	92	110	96	81	83	83	25	27	71	79	119	81	76	120	69	68	79	85	0	87	
93	117	45	85	14	38	67	64	60	78	56	41	103	109	91	64	81	101	72	114	99	88	24	73	25	84	80	47	52	79	35	59	102	51	92	80	58	63	28	40	50	45	24	108	109	113	52	39	66	0	

0	97	22	121	19	30	70	86	3	72	19	16	63	5	122	118	21	71	39	54	96	106	37	86	82	55	23	98	29	26	5	21	123	27	61	61	99	7	24	21	78	85	80	60	9	121	54	29	68	92	
82	0	79	105	98	91	115	20	83	11	71	81	20	79	83	117	78	36	97	89	38	99	112	30	118	57	77	21	79	70	81	83	99	60	51	70	60	76	83	78	43	86	61	99	77	62	112	97	71	58	
59	81	0	45	87	17	36	84	12	79	15	59	71	80	111	64	104	58	42	84	90	34	62	92	64	39	20	73	122	119	11	35	90	99	69	15	89	97	101	65	108	9	60	123	20	99	120	22	115	44	
24	96	100	0	112	94	111	90	95	94	108	118	30	60	48	47	118	44	65	19	41	68	58	53	88	75	115	103	70	60	97	79	85	93	67	101	99	53	106	110	61	95	89	84	114	74	100	97	96	95	
81	118	48	15	0	86	114	98	93	87	108	112	18	59	61	36	109	57	58	31	42	55	58	61	87	75	122	106	66	63	89	86	72	103	54	111	99	52	95	122	52	82	90	89	110	86	93	110	91	107	
49	118	123	81	55	0	116	62	40	74	88	58	59	102	81	74	69	53	50	69	15	50	49	105	71	119	97	118	60	85	60	90	20	94	99	118	99	75	99	95	70	72	100	110	98	106	101	85	96	88	
106	60	109	83	100	79	0	54	107	24	110	52	83	90	51	23	65	39	69	109	84	85	81	41	28	70	78	99	30	100	95	59	84	97	85	91	53	17	71	95	120	67	31	114	73	98	68	55	47	104	
61	58	35	54	85	8	110	0	94	110	102	103	117	99	94	106	101	81	46	83	37	102	115	92	117	95	57	35	111	28	68	107	106	117	54	54	119	113	57	120	30	119	97	106	64	28	85	110	105	120	
44	110	84	123	14	93	54	91	0	101	41	14	74	108	110	55	78	103	114	83	101	108	84	13	121	105	57	98	41	83	90	41	37	45	104	120	88	92	85	111	114	51	79	108	83	66	55	96	111	77	
85	14	76	111	17	96	24	47	99	0	121	102	60	114	41	104	121	87	69	86	99	27	101	98	107	67	58	32	117	121	78	117	65	82	28	59	49	86	96	31	21	81	36	21	55	37	75	12	32	60	
94	27	61	90	122	107	19	57	96	13	0	93	52	113	30	107	114	82	61	87	88	25	96	104	107	65	46	23	105	118	85	115	65	81	16	53	58	90	85	37	13	81	38	10	51	40	71	7	42	60	
71	35	64	44	120	100	29	68	107	115	100	0	51	71	122	109	116	60	43	26	46	89	68	102	11	53	66	117	69	38	17	74	99	21	94	87	108	123	90	98	95	53	76	105	88	72	81	101	68	74	
98	27	69	85	100	86	67	103	12	99	88	44	0	35	103	79	103	89	19	41	53	84	89	69	43	52	30	86	47	12	41	69	90	34	94	90	75	89	65	77	92	59	103	74	115	48	47	80	31	82	
33	69	82	104	120	92	37	71	103	52	110	56	38	0	89	54	90	73	36	7	85	72	111	70	49	20	15	58	23	45	37	42	54	70	114	123	105	83	92	67	79	64	73	49	94	19	34	77	46	61	
113	21	64	51	78	43	120	89	108	39	90	67	84	56	0	15	80	87	53	52	59	104	96	39	78	58	45	40	61	23	25	23	8	111	102	106	114	94	116	43	114	99	94	77	51	56	39	86	54	34	
67	112	45	9	110	44	114	61	68	61	99	107	87	81	39	0	54	122	73	61	44	95	73	64	47	55	9	23	24	49	18	24	38	119	86	113	118	111	102	37	108	103	118	104	75	44	60	123	41	20	
58	108	41	80	93	117	104	106	122	65	75	101	85	53	61	55	0	119	110	91	78	54	69	41	99	94	61	42	55	76	58	61	81	65	116	94	113	68	121	61	104	83	80	101	111	49	41	96	37	47	
99	84	97	101	50	82	89	80	41	96	113	107	117	95	13	20	39	0	104	99	95	70	74	51	78	120	94	58	56	48	52	73	101	62	100	109	80	90	120	40	91	109	100	112	74	33	54	107	27	80	
68	122	69	74	68	80	71	123	32	105	100	63	56	25	95	106	103	60	0	69	55	75	66	34	78	79	41	11	78	69	63	112	88	21	108	63	68	52	112	48	59	88	46	120	68	64	13	119	67	95	
73	73	105	102	12	88	110	104	118	89	99	8	51	62	30	31	41	121	60	0	36	114	104	75	57	53	81	57	113	22	115	112	77	78	116	50	87	73	77	36	71	116	41	89	9	101	48	83	87	91	
8	97	78	36	93	92	107	104	104	112	77	27	45	27	105	110	100	73	87	34	0	110	110	98	75	51	106	49	107	22	116	89	49	54	102	24	68	93	99	36	65	105	28	115	26	88	45	71	106	77	
4	99	121	116	20	85	118	111	105	99	39	110	88	88	77	87	109	43	85	62	64	0	99	104	45	108	89	69	88	48	101	31	66	79	99	45	93	80	72	60	13	92	59	115	82	52	33	27	45	99	
87	46	38	65	108	99	67	26	85	78	68	41	25	37	60	54	57	70	50	43	17	102	0	21	65	51	82	114	120	77	94	121	123	32	103	87	51	102	74	109	104	20	101	41	71	121	91	78	106	108	
51	92	39	61	65	107	38	46	49	101	36	63	37	28	95	88	103	84	29	63	92	54	85	0	56	91	54	85	93	34	110	84	56	109	48	112	85	56	59	100	29	102	76	71	89	123	63	117	56	120	
16	86	106	120	77	61	78	107	59	73	65	87	109	101	55	44	69	105	75	30	58	98	6	18	0	78	53	92	90	22	120	85	56	116	45	99	71	52	67	103	28	105	75	71	98	117	74	114	57	106	
32	72	122	78	63	72	66	55	82	50	91	25	35	65	108	94	103	32	79	96	121	96	6	20	65	0	38	63	42	79	91	96	52	79	44	63	76	113	75	44	41	41	66	44	56	93	23	108	18	74	
53	111	34	13	120	103	99	105	23	120	72	38	64	92	54	41	33	119	104	36	22	119	57	51	62	65	0	39	39	24	94	57	20	85	96	88	16	85	112	71	80	50	47	63	117	108	82	104	58	117	
93	114	70	27	86	44	85	109	41	65	118	92	47	45	104	90	55	102	26	50	38	97	122	102	102	43	65	0	51	63	118	40	46	117	49	29	64	22	91	36	62	33	66	33	116	99	78	105	109	91	
114	61	102	94	53	71	52	20	80	90	45	86	71	98	113	122	108	122	85	119	100	87	74	81	94	106	122	121	0	105	12	107	118	50	107	107	61	108	104	109	107	92	92	99	98	77	96	24	95	121	
120	121	123	108	97	81	123	90	76	72	109	76	97	118	43	39	21	99	51	78	83	102	86	94	41	75	49	68	46	0	43	117	95	58	95	63	25	90	85	97	113	52	73	113	116	37	123	61	52	116	
18	86	16	49	80	96	103	89	35	96	53	44	32	60	79	70	94	104	89	74	41	79	85	93	56	96	88	65	23	113	0	123	45	102	32	71	120	57	70	71	12	117	98	108	103	81	20	106	109	63	
59	72	45	5	113	74	113	75	96	30	100	24	29	32	79	88	52	78	66	68	81	87	102	102	66	105	72	88	55	66	49	0	53	59	23	115	94	78	117	33	57	123	102	73	57	75	52	89	70	81	
78	110	97	71	115	93	82	71	106	16	113	104	111	105	44	38	89	57	53	44	40	113	36	37	72	106	92	58	46	111	92	114	0	117	92	39	71	47	95	95	85	67	69	81	70	60	95	105	76	89	
70	31	106	103	17	88	49	65	91	116	29	79	113	110	109	111	112	41	98	53	25	119	75	78	85	123	99	70	112	115	75	110	74	0	118	67	79	67	114	121	99	74	106	17	70	71	109	43	49	50	
21	113	68	30	114	101	29	27	72	81	75	78	35	13	99	109	111	123	112	76	104	11	95	104	53	54	52	63	64	78	88	44	20	115	0	67	88	87	122	95	87	67	119	121	51	51	109	92	114	121	
29	101	61	27	123	102	75	65	95	113	29	102	72	71	41	29	54	116	61	27	32	84	76	73	112	106	106	96	100	42	81	82	59	67	92	0	72	44	40	121	99	48	38	91	82	60	86	32	41	102	
30	93	115	77	85	100	25	34	84	23	123	122	108	110	22	20	72	90	26	44	44	97	6	24	46	38	21	40	33	111	107	44	43	117	81	39	0	60	20	83	74	61	73	117	95	73	82	22	31	100	
69	64	48	90	82	40	97	86	32	111	109	51	88	54	82	87	41	107	114	49	51	91	51	41	84	49	15	51	47	80	65	65	84	87	47	33	101	0	100	56	81	97	57	44	122	97	37	108	102	30	
115	41	82	99	19	97	23	63	46	66	77	47	78	97	96	94	103	63	101	115	91	82	110	92	61	81	95	123	116	56	41	100	111	11	120	114	65	72	0	23	89	94	108	45	72	29	37	91	33	64	
107	69	41	47	111	86	32	69	66	66	111	82	37	63	123	110	109	86	75	78	105	100	35	51	72	82	115	105	109	20	35	118	67	94	91	109	88	99	81	0	90	17	88	70	12	66	113	37	107	55	
10	97	49	13	122	56	112	61	54	122	25	105	93	88	109	95	49	121	104	103	91	86	38	29	61	69	34	69	64	62	34	117	71	56	95	111	63	96	65	82	0	76	95	34	82	119	87	100	51	101	
52	73	34	33	95	18	115	90	38	89	48	97	120	91	17	23	55	66	70	73	41	106	70	62	89	67	62	90	97	80	73	106	121	14	116	104	103	121	67	45	60	0	38	88	102	119	48	110	64	74	
64	98	99	117	76	68	57	15	102	105	89	32	59	76	75	72	117	33	75	52	55	103	37	20	40	105	74	83	78	101	89	67	54	98	90	27	96	87	18	10	81	109	0	112	121	40	75	44	80	102	
63	103	82	71	90	37	118	114	83	74	49	83	114	103	110	98	110	45	76	96	102	34	88	73	56	84	75	62	56	90	60	80	50	95	55	65	17	65	71	66	64	27	27	0	96	62	60	42	55	107	
40	63	85	110	121	62	109	67	42	91	63	122	115	118	119	115	91	91	99	122	87	113	28	19	46	55	85	122	108	64	44	105	60	95	55	18	71	61	116	110	30	63	83	38	0	71	67	37	67	72	
18	87	21	64	79	102	100	118	42	90	34	110	101	86	4	14	45	87	108	83	101	93	57	67	38	53	40	43	15	113	78	46	31	118	120	73	74	17	104	122	54	66	70	120	27	0	56	45	57	78	
106	66	17	45	76	30	120	81	94	109	79	53	25	54	113	121	78	108	19	60	42	93	14	31	38	77	99	118	94	94	55	95	44	117	39	39	50	67	70	70	28	89	114	51	85	101	0	105	76	100	
27	122	117	93	41	105	57	9	88	69	113	99	68	93	24	11	54	118	89	54	61	110	76	63	109	40	47	64	112	92	115	71	50	81	109	54	58	59	115	102	89	65	55	92	76	119	79	0	90	28	
66	77	23	25	93	69	77	65	42	100	65	35	64	79	22	8	57	89	30	83	80	84	86	69	104	105	111	107	75	53	34	121	98	86	77	62	106	91	28	33	102	30	65	116	123	98	55	105	0	98	
14	89	123	94	39	109	82	121	56	89	87	91	73	62	60	69	41	85	98	121	98	67	111	105	50	89	82	102	120	68	28	119	107	50	86	88	100	71	36	57	101	86	92	57	84	53	45	68	93	0	

0	22	111	90	5	99	11	33	29	108	27	95	25	72	50	114	44	5	12	15	10	11	2	20	59	102	23	80	51	11	63	34	76	93	123	80	112	54	33	17	38	59	111	106	7	81	16	93	85	27	
108	0	106	74	104	79	115	80	113	95	113	109	86	38	81	115	112	108	118	101	115	105	107	122	107	78	111	102	74	108	51	115	120	104	35	77	101	86	88	92	88	87	49	87	103	97	108	97	58	106	
11	22	0	56	113	96	95	78	100	95	119	98	66	31	92	117	117	112	116	96	121	88	101	105	94	94	105	120	75	101	31	97	117	88	18	91	104	68	79	89	92	99	68	92	85	106	92	117	52	118	
21	36	84	0	33	86	97	79	122	81	91	77	80	88	68	96	58	43	117	113	78	23	83	69	83	94	34	74	52	112	71	121	70	23	87	41	120	92	113	44	84	82	31	87	26	98	40	121	34	121	
122	108	21	48	0	83	86	51	98	91	113	55	111	54	62	114	29	24	78	116	46	38	87	98	52	118	25	99	22	81	113	116	53	59	86	26	89	106	101	75	107	83	53	54	45	92	49	101	67	82	
83	68	42	24	38	0	108	46	98	93	101	60	78	44	81	111	37	56	50	117	17	34	88	61	38	87	59	71	32	72	98	98	80	56	63	38	98	102	95	76	98	90	22	66	57	66	14	80	72	56	
23	36	76	123	104	72	0	101	86	101	42	102	64	111	107	117	44	36	46	52	61	101	25	49	81	33	52	99	71	92	106	27	121	89	18	92	75	38	92	54	52	47	59	84	26	71	68	105	16	88	
71	65	74	116	105	56	98	0	35	88	86	119	123	38	52	108	63	122	114	48	60	70	87	70	116	116	82	73	109	117	122	98	57	17	105	60	96	79	51	92	119	57	42	108	82	34	56	121	83	114	
71	90	83	99	111	87	100	92	0	16	8	43	62	111	116	91	90	83	115	53	61	80	123	65	108	25	69	89	45	50	65	57	54	100	116	41	85	72	78	67	117	39	118	41	49	65	40	65	74	31	
7	17	105	92	60	106	4	101	94	0	100	67	82	106	25	62	52	79	71	58	121	109	45	119	86	83	68	90	90	70	42	88	73	43	51	103	62	86	117	41	90	86	120	100	70	109	109	116	31	102	
88	95	15	54	45	123	45	101	115	119	0	106	105	110	101	107	112	101	63	64	12	117	109	81	52	89	66	45	68	91	122	99	86	102	73	64	78	119	90	120	100	73	88	90	115	60	41	77	118	46	
49	28	97	67	80	70	122	23	36	44	77	0	98	50	57	99	40	65	96	72	81	89	110	85	86	57	122	45	45	27	68	67	29	39	6	56	76	75	45	109	33	19	34	17	91	94	71	39	81	121	
23	6	102	105	82	117	75	36	33	47	92	121	0	100	66	104	118	60	37	73	82	57	38	63	40	66	107	109	90	110	80	61	105	94	122	91	110	116	113	100	110	106	117	114	104	49	113	106	54	63	
54	74	48	59	74	119	86	96	102	88	103	59	50	0	74	114	83	13	18	63	47	91	61	85	65	95	112	96	77	106	107	104	110	48	101	61	112	95	89	85	109	120	97	76	117	52	102	70	92	36	
59	60	73	97	85	40	74	60	92	100	54	61	56	78	0	96	63	84	87	108	99	101	106	105	78	34	77	116	73	92	88	74	42	122	59	74	70	97	61	94	75	70	75	55	93	70	31	106	102	61	
8	22	107	99	105	92	65	57	28	31	101	87	14	103	49	0	48	50	58	62	104	85	111	111	103	64	116	75	79	56	75	101	23	114	99	112	45	66	92	104	92	76	80	39	93	101	53	91	111	95	
76	75	36	69	90	74	72	94	81	66	87	61	87	81	19	112	0	81	83	122	50	84	66	65	39	98	27	112	94	94	119	108	119	80	57	15	87	110	43	59	100	49	48	113	73	37	109	113	25	41	
99	118	115	93	74	31	114	34	20	5	100	59	121	23	81	50	63	0	80	89	37	46	117	74	27	51	68	73	60	42	100	77	115	26	22	50	114	53	44	48	89	55	57	123	54	83	71	78	49	83	
47	37	94	105	109	40	100	7	33	42	73	110	96	23	85	95	107	69	0	39	88	98	72	63	88	49	48	42	98	45	40	27	115	74	83	84	106	58	85	23	106	96	23	78	43	47	27	21	30	116	
14	21	123	117	99	99	83	89	122	110	27	107	25	85	117	52	62	39	84	0	122	112	52	100	17	49	46	97	97	54	52	84	80	92	103	47	100	83	30	91	118	80	101	38	116	90	72	73	62	67	
10	13	109	114	100	47	62	89	68	71	118	105	106	32	98	50	16	75	106	121	0	48	118	22	122	107	78	71	85	119	75	61	76	73	53	109	43	111	93	57	105	99	115	118	72	100	109	56	93	77	
120	110	16	41	25	74	97	39	21	15	92	103	48	100	38	97	108	93	111	77	114	0	34	118	110	52	115	63	122	42	44	55	117	99	112	27	111	49	27	118	18	40	41	60	54	41	42	70	86	85	
57	77	59	73	64	46	111	17	24	20	103	37	110	23	80	64	84	4	77	101	56	91	0	50	63	116	115	63	88	66	77	100	87	26	33	76	76	48	110	60	80	56	66	53	91	70	60	50	7	46	
113	123	24	46	35	73	71	95	115	107	55	67	56	50	100	36	26	57	60	56	70	107	119	0	86	74	20	72	68	80	97	78	59	108	115	87	57	94	88	80	112	101	118	89	105	84	110	81	119	122	
100	79	45	92	113	49	98	85	88	89	61	88	69	121	62	64	24	61	61	58	67	29	7	48	0	91	64	99	108	78	123	60	48	120	114	75	60	83	49	60	88	108	80	58	74	53	78	113	93	106	
98	93	90	79	100	96	24	88	114	107	103	17	93	97	53	61	88	101	115	82	113	121	114	114	99	0	122	38	115	42	38	79	59	31	37	122	96	85	79	53	95	84	56	101	35	116	82	38	48	75	
14	15	106	85	103	25	86	68	59	66	74	113	123	121	67	111	99	54	48	37	122	95	86	54	106	39	0	16	82	18	30	71	88	61	36	118	106	80	106	45	63	59	27	103	21	116	105	19	59	54	
16	36	88	46	41	85	31	107	103	110	41	116	117	44	55	43	12	86	13	30	99	57	74	48	122	33	122	0	74	119	101	90	43	106	96	74	97	50	117	102	113	67	113	57	118	66	35	121	99	108	
79	89	40	56	31	58	73	85	64	52	52	84	37	67	77	47	16	71	90	87	123	102	116	118	36	111	89	93	0	37	53	64	67	101	4	93	81	82	89	83	97	91	31	93	35	118	72	99	57	51	
109	99	114	121	105	116	90	105	106	118	36	110	82	70	48	84	78	26	85	49	93	95	109	92	68	44	87	98	87	0	47	73	41	109	87	33	59	17	67	40	81	68	72	85	105	118	78	40	98	94	
122	119	66	54	79	22	123	48	50	62	43	102	75	43	103	77	95	62	100	78	106	63	67	94	63	30	122	107	75	79	0	17	98	31	103	63	25	64	53	74	93	53	60	53	113	42	122	47	121	66	
73	69	79	54	34	111	40	77	49	35	106	76	54	82	91	33	72	17	78	40	110	116	100	102	58	99	35	32	48	36	34	0	115	10	73	83	44	78	62	43	119	57	61	79	81	11	98	66	102	98	
54	39	98	119	117	91	35	74	67	81	56	116	98	7	78	111	76	20	85	97	36	54	32	34	96	28	117	117	112	113	112	112	0	108	43	45	69	96	61	93	27	74	67	121	86	120	102	76	73	16	
102	90	52	20	21	88	26	93	88	93	122	94	107	50	41	122	121	71	56	44	123	101	104	87	58	92	35	37	100	103	117	118	116	0	120	95	59	52	70	113	97	96	101	50	120	82	21	109	99	115	
85	70	117	74	44	114	32	87	67	73	47	105	104	67	102	40	41	46	53	43	94	70	53	45	66	43	83	70	79	65	108	96	88	58	0	89	29	54	78	76	55	47	115	42	115	53	49	69	62	92	
60	40	74	108	117	86	84	103	71	69	122	34	113	50	109	97	109	34	63	90	85	64	83	108	78	33	98	87	96	63	63	59	115	77	89	0	110	42	56	112	56	85	83	55	91	60	120	30	78	51	
114	94	92	105	114	97	17	111	114	109	17	109	62	115	73	99	108	72	35	65	99	55	43	35	114	54	120	123	88	97	67	79	83	43	117	37	0	32	20	122	22	81	100	48	100	80	92	33	82	84	
17	10	99	46	56	55	84	112	112	101	66	88	72	89	19	84	49	88	36	48	93	79	62	46	41	122	56	68	102	84	92	82	69	74	57	89	69	0	79	63	55	56	111	62	123	39	102	58	83	29	
45	39	79	44	39	116	95	82	51	46	85	115	110	32	49	94	75	74	57	63	74	98	70	88	119	111	77	85	82	106	113	120	35	114	53	120	60	48	0	95	90	30	107	21	87	28	93	64	94	70	
95	110	44	85	90	30	94	34	9	21	117	39	110	13	64	68	96	108	47	52	111	96	101	66	71	70	117	117	99	82	79	67	92	31	92	78	93	86	25	0	74	37	105	16	80	7	106	59	102	71	
39	35	76	74	64	79	50	56	46	34	102	109	28	94	72	113	94	59	99	94	84	48	46	5	83	108	86	86	112	77	55	46	119	121	39	119	86	77	73	28	0	39	98	22	75	28	108	50	83	82	
36	54	100	54	61	48	101	104	87	86	21	93	92	62	20	84	46	103	81	57	78	123	112	97	104	116	117	102	102	70	82	69	79	109	63	40	120	108	96	25	78	0	74	75	16	103	35	32	79	108	
64	64	46	26	35	100	74	65	53	53	91	112	115	47	116	116	89	84	104	82	115	81	74	33	109	37	112	118	85	108	78	82	53	73	53	40	116	90	38	65	14	47	0	97	58	94	73	33	78	102	
54	53	121	113	113	93	16	99	97	84	106	21	106	92	38	68	81	14	76	75	94	115	97	80	102	17	120	116	72	95	96	109	59	58	98	72	114	85	31	109	65	35	55	0	93	54	85	42	52	104	
54	62	108	77	55	100	40	109	82	77	113	70	56	59	113	53	97	58	59	65	110	112	121	75	58	121	73	81	54	19	46	59	72	56	121	88	59	43	70	45	105	114	110	88	0	39	97	115	101	92	
40	38	78	108	105	120	100	78	99	87	18	115	111	15	67	103	105	35	81	78	110	73	78	94	20	79	86	90	99	89	122	114	52	117	106	113	11	22	93	43	107	75	36	68	69	0	112	103	106	103	
39	48	118	119	110	69	70	119	122	111	68	73	122	48	50	68	65	106	75	53	106	78	88	73	106	44	96	93	33	61	38	28	104	29	92	35	78	76	110	65	35	23	78	97	86	115	0	103	72	103	
73	52	79	78	78	19	92	56	43	37	73	63	60	45	80	113	88	77	23	56	89	68	55	82	118	87	50	40	94	99	104	113	27	86	86	27	102	116	123	115	101	88	41	116	57	61	62	0	89	121	
31	35	111	90	97	32	80	47	56	61	98	45	61	48	43	65	95	40	94	115	105	92	70	109	119	102	52	52	29	53	32	30	97	16	116	49	121	122	52	104	64	96	62	39	56	59	119	117	0	83	
18	8	108	57	51	53	106	108	120	123	104	41	80	118	94	29	70	115	105	67	111	110	90	103	101	19	120	112	97	83	74	80	92	25	113	121	105	89	26	96	119	102	100	51	53	84	91	54	81	0	

0	107	72	76	87	113	82	42	39	87	40	79	65	21	99	7	22	58	43	25	39	122	12	79	91	87	49	29	64	75	38	87	58	110	82	65	99	41	26	57	4	109	55	111	49	30	118	70	87	37	
14	0	79	67	96	103	75	40	48	75	51	91	65	12	100	18	10	63	53	32	32	112	23	75	100	89	57	35	69	86	33	87	55	99	88	60	100	29	34	56	11	116	54	115	36	19	105	58	94	33	
26	94	0	69	89	10	37	121	119	30	67	58	49	103	105	90	90	100	67	112	90	66	84	41	99	50	106	90	90	57	68	65	113	54	10	107	50	78	122	95	94	86	78	77	114	76	75	119	55	78	
28	101	114	0	84	106	106	76	9	121	110	67	120	87	73	113	89	79	69	31	73	98	79	100	47	107	48	83	103	117	107	79	78	117	105	110	104	65	65	83	22	81	55	43	113	56	122	54	67	83	
80	120	69	92	0	59	67	66	97	72	92	38	77	87	102	65	39	93	121	95	79	107	50	59	95	80	58	110	54	116	39	86	108	50	26	28	72	29	121	78	92	104	100	63	121	45	54	91	119	51	
103	69	31	43	117	0	61	76	95	119	83	103	44	46	85	64	110	67	68	101	120	85	108	104	74	39	68	108	96	7	96	51	117	87	107	107	88	105	24	53	123	21	90	99	13	91	87	100	61	106	
58	97	66	60	52	29	0	70	113	110	97	118	24	43	57	63	110	63	67	116	92	81	96	119	58	35	79	101	84	32	113	70	110	61	86	116	108	119	46	48	120	15	86	105	25	72	98	76	50	80	
7	102	118	105	64	8	57	0	106	59	81	69	35	50	64	114	112	92	95	106	94	53	63	65	5	74	35	75	99	69	121	83	96	27	38	83	54	81	90	22	102	69	61	62	34	22	66	29	17	54	
22	123	112	102	92	37	35	62	0	53	61	11	43	77	38	106	82	115	80	116	44	24	17	119	63	107	76	95	90	73	114	65	65	80	33	103	83	73	105	75	85	90	26	69	31	80	55	85	52	90	
50	83	24	91	90	82	115	84	69	0	95	78	59	58	105	50	27	86	82	122	31	76	66	116	14	106	86	77	123	50	98	53	50	119	57	104	80	92	106	56	45	92	84	56	86	105	63	88	72	78	
118	23	81	38	82	75	34	44	117	99	0	64	101	49	113	54	118	105	111	111	79	120	123	86	94	55	121	50	50	69	25	47	114	92	66	40	84	33	117	63	71	16	27	59	105	106	53	26	29	114	
11	108	84	81	87	74	26	46	120	76	46	0	69	5	68	47	109	62	84	88	66	96	116	53	93	59	81	11	35	39	41	28	122	82	31	60	57	24	78	44	46	41	43	81	99	80	75	62	20	95	
88	42	54	106	119	91	110	122	100	100	112	99	0	95	58	103	70	112	122	87	66	71	53	117	97	75	57	90	94	105	80	106	54	77	100	68	64	106	109	82	118	100	114	83	87	43	105	91	103	120	
24	109	100	32	62	56	48	71	101	78	87	25	69	0	77	74	21	73	96	65	84	66	105	118	93	44	51	74	76	80	103	103	119	18	117	99	101	93	66	107	64	72	56	67	74	104	106	66	74	80	
1	107	87	100	28	49	70	33	87	82	30	45	53	120	0	113	116	106	31	57	84	84	83	40	121	80	89	92	101	44	19	73	19	113	62	30	75	97	85	29	113	97	100	86	68	103	65	101	67	100	
118	79	31	59	55	96	88	51	68	33	100	66	84	90	79	0	117	70	81	42	121	40	65	76	107	17	112	77	82	106	76	50	72	51	26	100	58	106	106	106	95	106	82	79	117	71	67	116	27	111	
19	92	59	55	62	61	20	77	63	50	62	7	66	115	45	114	0	71	74	101	103	79	71	120	17	101	4	79	105	76	49	95	55	65	107	39	90	13	16	92	89	85	98	58	19	78	121	91	94	77	
44	105	102	118	99	112	119	50	119	105	75	107	101	91	82	68	85	0	69	118	87	47	43	56	76	117	86	66	48	87	46	38	50	31	62	116	83	95	74	11	44	23	70	34	78	52	67	108	51	97	
14	98	32	61	60	30	33	86	112	123	121	96	66	88	91	59	100	53	0	122	38	33	90	44	88	91	63	50	95	55	52	69	97	67	66	123	120	56	108	48	92	38	97	82	93	67	46	91	84	96	
109	53	49	56	105	117	57	104	93	65	81	74	67	120	54	107	49	109	75	0	105	46	61	52	52	96	54	60	65	88	123	103	119	42	108	50	71	53	36	105	103	40	85	13	45	39	73	97	107	38	
88	106	53	83	122	112	99	110	103	122	70	116	86	79	73	89	29	79	120	4	0	48	63	51	53	94	56	59	64	90	123	104	118	40	105	49	72	54	38	106	100	38	84	11	47	40	70	98	106	35	
78	44	69	92	12	49	25	68	100	53	69	69	93	123	99	52	89	120	107	74	91	0	68	49	122	112	79	69	58	69	37	108	75	64	28	110	63	64	115	21	28	54	45	96	71	68	57	55	103	109	
53	105	57	68	64	78	40	97	62	65	88	33	88	76	21	115	16	76	21	115	85	103	0	57	63	38	29	121	120	78	96	70	43	48	111	58	99	51	92	84	119	60	72	41	64	38	117	69	101	38	
100	78	39	94	32	56	18	79	32	72	80	85	18	103	49	75	73	83	21	108	58	15	68	0	70	38	56	122	94	71	35	3	36	50	67	30	52	90	98	26	56	58	91	46	122	47	77	97	100	87	
120	34	105	61	101	67	115	105	50	48	115	55	23	107	93	45	123	115	90	91	46	75	90	83	0	48	30	91	99	88	90	83	52	90	22	92	85	96	48	80	84	58	44	117	59	52	57	66	73	48	
8	113	72	119	57	47	44	68	107	60	74	40	43	121	81	100	115	106	90	80	36	40	41	27	86	0	84	93	16	60	73	110	45	30	86	103	112	63	121	11	44	81	81	69	61	105	85	44	18	62	
107	25	77	53	117	91	67	96	55	20	76	35	74	107	89	56	123	65	73	51	116	75	23	57	66	72	0	89	60	73	45	61	34	58	40	107	98	91	79	79	101	112	67	11	32	79	18	36	67	71	
32	79	83	42	103	83	41	58	99	120	32	70	104	33	87	88	40	68	50	85	50	63	18	49	77	34	89	0	63	17	49	105	95	56	68	23	59	28	13	102	123	54	100	93	118	118	78	89	81	45	
21	119	54	58	63	46	33	48	91	42	105	116	67	96	88	113	14	81	58	71	79	83	90	81	21	67	84	14	0	16	43	95	90	64	76	16	62	32	11	101	120	47	105	94	123	118	69	83	81	33	
40	123	58	64	100	123	119	86	55	50	89	122	108	123	82	116	51	60	35	108	54	82	108	64	123	121	76	44	74	0	87	98	31	115	45	84	84	83	73	96	87	60	93	48	89	57	79	109	99	78	
18	116	70	51	63	75	55	42	103	111	93	52	102	48	47	121	88	107	57	86	117	97	87	108	93	46	95	84	103	109	0	76	94	51	66	80	56	43	70	68	99	118	27	87	44	70	114	84	54	61	
30	92	84	91	115	82	62	46	74	34	108	73	46	93	81	60	92	79	119	80	109	105	96	99	44	33	58	46	103	100	63	0	73	79	6	64	54	80	14	17	65	100	61	91	80	17	75	50	87	89	
107	86	35	53	57	102	87	75	117	101	80	84	67	54	115	66	84	101	56	79	114	83	86	113	97	86	96	33	59	64	107	103	0	55	99	106	93	46	93	109	112	38	92	30	69	116	58	72	121	82	
27	99	84	16	96	73	89	62	123	113	103	51	21	77	56	67	53	27	62	100	110	92	93	80	82	76	120	89	62	56	46	47	85	0	94	110	10	55	42	44	69	76	64	82	81	42	97	99	100	121	
37	98	80	40	84	80	42	71	85	63	78	62	46	112	71	85	70	35	57	106	101	71	87	92	100	73	68	31	46	39	84	66	76	75	0	64	77	38	56	109	111	20	68	21	111	34	123	97	61	104	
77	47	77	80	24	65	79	34	123	106	61	24	72	80	68	81	115	82	62	102	112	78	104	116	115	98	44	106	50	41	82	106	53	80	89	0	115	114	123	39	81	100	81	81	104	61	49	48	61	83	
81	69	86	52	42	31	59	45	80	30	83	82	39	65	84	44	83	16	64	74	120	97	37	54	113	66	88	52	26	27	74	68	57	15	91	104	0	76	91	115	68	81	112	79	57	109	75	122	100	47	
13	112	115	58	43	29	73	106	38	40	78	45	105	53	79	96	31	61	35	91	57	79	56	72	37	17	87	42	85	83	63	90	110	61	52	101	24	0	80	100	76	98	120	72	42	115	71	99	79	63	
121	40	97	105	64	81	62	40	102	99	63	45	96	63	42	88	97	65	34	118	123	85	55	43	47	44	48	70	75	85	3	74	35	44	102	123	114	43	0	64	82	59	78	99	10	123	68	89	73	77	
15	102	29	58	104	123	92	97	22	51	110	94	81	78	64	62	107	65	88	121	49	36	47	85	116	91	11	98	93	106	79	22	93	103	67	84	117	48	48	0	79	32	97	99	44	122	44	90	89	105	
77	51	36	85	108	108	103	63	60	70	62	62	70	86	15	115	27	47	39	84	119	77	22	45	78	31	109	105	48	45	84	31	46	11	87	25	114	75	28	83	0	73	104	17	59	69	113	65	118	109	
99	91	17	80	14	60	107	92	33	64	88	103	39	93	34	80	100	52	98	28	108	67	108	87	50	72	120	113	57	50	81	112	104	64	101	73	103	36	98	47	84	0	123	74	52	97	69	52	123	69	
112	78	53	25	96	65	87	55	76	58	54	109	108	68	123	120	95	78	51	103	6	45	71	62	25	44	52	89	71	58	66	110	112	94	26	46	71	64	105	65	118	98	0	83	56	60	56	115	71	64	
32	105	116	79	84	49	64	73	100	73	88	97	70	118	46	105	56	27	53	97	56	28	56	108	68	73	111	87	52	37	65	83	78	96	62	82	49	70	27	47	121	114	59	0	24	19	106	91	87	19	
107	15	82	32	75	77	116	90	79	103	10	60	98	74	119	16	117	123	117	101	80	86	36	75	63	86	29	92	120	112	32	100	64	52	56	115	107	102	67	61	118	103	60	37	0	21	83	76	106	45	
15	107	116	63	110	61	73	40	83	85	120	109	62	108	79	92	65	77	63	67	54	21	75	39	105	78	81	64	62	69	46	94	70	59	46	83	93	90	42	68	29	100	24	103	123	0	61	74	50	95	
115	13	85	104	74	93	102	53	70	48	89	76	31	91	45	90	31	67	88	107	47	33	59	91	72	51	91	52	51	48	90	89	75	77	61	54	97	107	42	64	63	47	122	102	96	81	0	108	92	26	
45	87	95	96	41	62	47	70	86	89	13	75	82	92	50	115	51	90	112	31	105	75	113	62	77	41	55	35	64	52	60	21	70	71	111	86	49	56	111	98	49	66	103	37	53	64	55	0	105	72	
20	113	55	21	67	110	84	25	107	110	94	57	83	57	104	95	115	83	35	111	40	69	66	111	93	71	91	94	80	73	112	92	87	118	119	94	24	62	42	98	56	123	88	70	67	47	42	114	0	105	
97	39	93	46	94	121	95	39	100	54	116	86	99	40	114	14	120	110	78	48	75	58	107	89	113	96	24	76	99	104	60	58	80	52	97	98	113	77	70	60	79	27	114	91	112	116	91	54	101	0	

0	24	119	122	15	96	111	14	92	107	14	82	28	7	88	60	87	13	115	27	33	20	123	82	40	111	1	54	57	68	25	98	92	63	17	26	35	4	39	3	110	52	4	14	101	11	116	64	66	107	
91	0	86	65	103	32	84	87	6	17	97	78	67	96	50	70	109	91	89	93	97	88	108	36	56	86	91	64	108	80	107	88	35	66	75	88	74	88	95	91	22	87	91	93	15	87	101	114	121	102	
71	67	0	107	78	92	38	32	64	81	101	33	68	98	30	50	107	50	99	109	41	63	99	65	14	50	42	24	64	52	68	65	78	87	10	33	13	89	101	28	78	76	32	117	54	73	81	96	86	86	
91	68	41	0	46	115	63	23	42	120	85	37	107	68	48	12	110	21	104	82	24	63	65	55	39	72	62	49	35	44	104	86	59	92	48	38	40	113	68	57	78	87	62	108	30	97	66	62	85	112	
98	111	29	113	0	16	66	96	93	23	93	98	8	93	82	109	61	101	16	86	112	96	74	121	110	118	91	72	100	119	33	80	79	23	93	116	104	57	121	71	116	114	90	8	96	59	123	97	35	68	
88	79	66	117	115	0	118	95	60	122	83	100	111	69	91	87	117	42	103	73	114	80	115	117	33	49	45	79	93	15	106	55	104	100	96	17	23	88	56	76	29	59	68	110	82	102	13	42	105	99	
59	76	102	117	103	93	0	76	75	64	57	79	110	45	95	32	50	92	96	112	30	66	119	41	98	66	105	54	117	84	116	99	52	24	57	94	83	58	60	35	120	100	112	93	102	101	91	81	97	39	
42	25	71	103	88	87	115	0	54	113	85	108	10	72	37	86	80	47	70	24	101	69	113	97	62	92	37	91	49	58	17	54	116	113	60	28	61	72	73	106	63	118	105	44	30	66	62	61	32	98	
123	118	34	116	110	114	119	94	0	117	54	63	97	93	71	65	116	91	32	100	104	32	51	30	71	21	100	28	82	103	80	41	37	48	121	75	55	122	81	100	116	60	36	97	90	108	50	111	77	50	
42	47	75	34	25	22	119	60	31	0	80	40	72	98	68	46	100	73	34	95	89	18	47	23	81	18	110	27	81	115	79	47	59	63	100	104	44	115	70	87	123	38	41	72	103	84	45	102	53	69	
100	113	33	122	115	113	18	70	101	73	0	67	81	26	15	62	70	56	99	122	33	85	88	67	78	69	45	47	86	95	49	104	40	11	83	122	104	120	79	73	57	67	97	14	123	29	80	41	27	117	
31	46	123	98	116	107	111	109	92	51	65	0	98	64	75	46	33	90	76	100	82	45	111	7	36	37	87	72	62	67	112	103	72	72	115	98	79	60	38	27	105	75	88	59	115	37	49	29	85	55	
123	116	87	28	45	52	70	96	118	29	84	75	0	76	21	61	56	81	104	33	98	78	68	76	67	103	55	59	81	10	70	86	9	18	49	104	13	71	69	58	60	12	69	79	79	42	28	63	112	116	
11	21	81	32	63	63	58	54	61	115	118	96	82	0	85	32	120	72	34	77	90	81	60	104	57	104	28	56	116	85	110	50	76	69	61	95	80	86	97	91	74	71	28	105	96	109	99	116	49	119	
55	69	113	35	24	23	113	90	69	106	108	97	19	88	0	62	98	47	80	39	58	95	103	29	70	24	103	73	123	88	76	122	13	93	88	38	42	14	106	53	47	67	69	110	25	100	107	97	83	115	
25	11	86	48	73	66	89	108	60	66	34	52	82	11	91	0	73	108	89	92	85	109	31	85	43	97	20	67	79	25	49	110	96	101	4	63	68	91	111	109	110	107	106	84	103	34	105	120	87	94	
8	29	66	83	87	75	103	34	86	82	54	62	85	117	96	100	0	24	83	112	85	38	121	120	112	35	109	98	53	85	66	72	81	90	102	64	83	34	69	76	75	63	67	120	11	73	78	26	37	95	
96	93	33	81	116	120	114	107	57	114	52	35	75	86	12	59	30	0	85	110	70	64	92	94	98	39	95	119	47	83	42	99	54	108	115	90	99	53	52	78	62	81	82	109	38	100	96	13	55	79	
33	21	92	48	69	80	98	28	43	81	42	46	60	101	96	72	110	122	0	55	69	91	45	120	121	107	121	21	123	115	122	108	118	87	114	94	72	94	92	51	100	46	94	53	122	63	57	113	93	97	
115	109	42	119	77	67	115	78	26	106	117	79	114	93	91	44	104	82	15	0	56	81	35	111	117	114	108	26	109	110	108	107	116	86	119	95	60	88	88	50	92	48	107	54	122	54	63	123	86	103	
18	37	54	74	98	97	27	50	36	118	39	58	63	21	80	115	66	88	34	39	0	53	42	98	84	84	100	50	118	121	82	97	85	86	114	100	28	74	68	18	55	84	72	55	110	44	35	106	85	96	
119	108	69	123	79	75	88	32	53	73	106	108	55	79	91	51	37	58	67	19	73	0	51	83	82	44	107	121	74	77	34	81	52	106	81	78	81	99	25	65	100	40	3	63	60	113	86	97	40	80	
114	92	54	74	38	44	92	27	76	122	90	60	56	70	60	46	42	39	87	85	65	66	0	65	85	73	95	61	120	21	84	25	57	91	36	30	54	44	76	92	90	97	65	11	53	81	95	52	49	90	
22	32	99	79	47	45	97	94	86	57	103	82	32	50	78	104	57	62	37	62	19	58	49	0	81	47	73	72	94	54	43	62	63	86	36	51	98	59	119	110	103	94	35	52	99	80	82	77	82	88	
102	93	108	54	45	40	101	33	44	86	8	65	52	84	92	55	99	100	113	109	111	86	109	62	0	35	67	40	93	96	55	34	33	63	94	57	112	22	112	78	52	81	33	28	68	39	108	94	82	95	
80	68	64	62	39	44	89	17	59	72	53	51	87	72	70	32	99	78	65	102	59	12	52	27	77	0	84	59	99	107	49	67	83	64	70	30	62	77	62	51	66	71	55	62	106	97	93	75	103	120	
75	55	55	64	52	39	97	53	11	119	106	100	114	108	26	42	39	58	28	33	41	25	29	64	23	41	0	68	115	94	26	84	50	56	46	38	77	57	97	81	87	66	76	31	102	105	114	41	96	95	
6	24	92	63	51	44	77	25	76	46	46	109	19	59	80	122	113	92	96	102	68	42	60	53	110	118	50	0	71	92	60	48	32	85	52	59	47	54	78	44	98	57	87	33	90	103	82	81	94	56	
115	104	61	119	118	122	74	53	53	97	119	118	46	115	73	14	80	72	48	72	117	108	66	41	94	84	70	84	0	56	92	64	72	29	109	83	45	31	26	55	25	91	4	72	26	32	119	93	16	38	
116	95	25	91	72	78	85	46	42	79	5	63	66	59	120	99	85	84	8	51	45	49	54	37	89	76	14	57	104	0	66	63	75	122	40	114	110	121	100	106	90	66	104	60	106	77	17	57	106	94	
9	28	68	116	85	92	91	53	85	35	65	93	37	105	22	52	47	62	66	99	48	14	53	114	69	101	46	111	93	91	0	89	104	115	111	40	71	62	62	68	111	32	119	49	117	42	88	45	112	15	
103	103	105	9	39	26	118	99	60	120	112	89	117	97	103	60	49	34	74	115	64	77	56	71	15	38	63	11	77	55	30	0	96	106	111	12	53	42	66	70	96	29	100	47	117	15	81	57	117	34	
1	24	66	64	53	53	96	62	37	91	67	97	17	85	111	72	2	23	88	118	102	86	52	40	91	78	18	80	102	58	23	69	0	100	112	59	83	70	115	73	65	90	34	96	68	71	82	38	102	81	
78	59	121	89	58	48	83	56	45	119	108	52	76	104	32	48	41	31	66	78	72	52	86	42	66	85	8	61	66	24	74	36	73	0	94	50	40	37	89	30	104	32	80	92	10	27	56	41	102	90	
42	53	57	72	75	62	72	96	58	99	123	63	77	18	79	85	55	51	68	121	115	99	60	7	83	90	58	94	42	44	87	36	115	122	0	95	103	100	113	111	63	119	44	92	116	121	110	105	33	114	
2	23	77	88	74	81	121	55	25	101	91	116	47	78	25	50	54	56	106	91	51	34	42	81	58	29	78	23	65	115	106	40	93	121	73	0	93	41	43	46	59	116	99	95	86	56	66	110	67	86	
5	22	72	74	89	76	80	34	32	107	62	62	113	88	114	66	67	59	120	123	107	112	103	120	99	117	114	69	8	56	65	71	33	87	69	111	0	94	93	86	118	50	121	76	59	105	49	2	58	62	
91	80	9	102	114	99	91	79	36	111	74	37	85	87	58	27	81	103	64	74	68	33	21	55	41	39	109	98	110	75	37	89	10	97	13	96	32	0	96	64	104	30	119	83	62	96	49	31	79	87	
36	56	54	68	38	46	77	111	112	58	76	10	92	70	118	94	120	102	20	42	40	63	58	80	73	80	38	83	112	80	33	113	72	33	63	45	111	50	0	44	79	49	117	89	70	80	64	55	86	48	
4	21	97	67	47	37	93	100	51	108	65	76	41	50	66	78	31	52	35	72	38	26	70	87	82	83	79	81	104	91	57	60	112	69	49	109	84	98	97	0	62	77	90	64	60	41	99	121	90	113	
75	94	23	95	88	93	91	83	85	88	86	94	57	109	69	74	65	67	105	121	115	86	101	97	73	104	118	114	111	63	54	39	83	53	76	49	101	69	80	98	0	52	82	76	78	82	87	72	123	115	
28	46	42	70	31	41	117	73	24	94	85	59	78	120	44	66	50	62	85	62	38	45	8	64	79	68	117	64	44	70	69	42	118	33	89	118	71	46	94	70	113	0	77	72	60	105	48	66	71	103	
113	98	96	36	13	5	121	53	35	104	63	36	77	52	64	97	87	88	63	73	107	89	117	73	74	51	43	53	34	63	83	17	107	72	85	63	83	48	114	104	44	83	0	80	106	121	90	55	46	33	
108	93	83	108	66	56	103	45	43	87	12	61	122	86	38	53	100	78	91	79	118	97	81	92	117	101	116	122	108	123	119	31	100	42	57	87	118	36	88	45	37	55	46	0	105	80	87	52	1	38	
83	98	56	85	89	90	80	30	56	62	111	110	46	103	110	52	78	62	114	98	49	10	59	71	105	84	46	66	56	77	43	98	39	114	94	28	74	29	69	73	87	110	85	25	0	100	94	69	25	52	
2	23	104	39	61	47	76	72	67	122	115	103	13	86	15	74	36	33	63	53	63	22	32	62	73	74	78	68	86	91	47	90	87	97	111	107	23	91	57	60	105	54	111	59	100	0	41	61	98	111	
87	90	98	27	40	44	102	73	62	70	70	47	61	113	120	112	89	73	51	89	51	71	41	92	95	64	83	55	85	119	75	102	36	65	43	83	90	5	93	105	49	19	87	23	100	9	0	57	103	112	
35	16	73	46	85	81	103	90	97	81	40	41	117	70	80	87	41	40	75	118	102	64	84	83	30	29	107	119	64	72	93	51	55	66	94	83	15	90	27	33	44	39	81	96	32	90	76	0	70	60	
54	34	110	87	105	110	120	86	75	44	93	49	69	88	92	67	105	87	58	64	40	81	118	95	119	91	63	38	55	51	78	94	81	79	82	34	96	55	101	70	48	68	99	60	53	61	97	118	0	80	
84	80	60	106	97	102	86	41	64	60	39	88	77	23	87	38	87	66	70	37	47	33	76	88	47	34	81	46	59	77	26	103	96	60	35	121	111	63	75	64	104	77	44	49	100	115	115	99	38	0	

