n 8
m 2
n_day 1
hl 1439
o 3
rate_in_peak 0.47753
rate_off_peak 0.32282
max_cost 360

peak_start
1080

peak_end
1259

v
1.2
1
0.8

lambda
1.5
1
0.6

pi
128
184

processing
7	64	
22	22	
92	22	
94	24	
83	90	
50	81	
26	45	
81	84	

setup
0	8	8	7	7	1	5	4	
3	0	8	5	5	3	6	5	
5	6	0	8	7	7	8	5	
7	7	5	0	3	5	7	1	
8	5	4	8	0	5	8	8	
2	7	4	6	5	0	8	4	
2	8	3	8	8	8	0	7	
3	6	7	3	4	5	6	0	

0	4	4	4	4	4	8	1	
7	0	4	7	5	8	4	7	
5	6	0	7	7	8	6	3	
4	4	1	0	7	8	6	3	
7	5	5	3	0	8	4	2	
2	4	5	4	7	0	6	6	
7	7	5	5	7	3	0	7	
5	6	5	3	6	8	5	0	

