n 50
m 10
hl 143
o 5
peak_start 108
peak_end 125
rate_in_peak 0.47753
rate_off_peak 0.32282
max_cost 

v
1.2
1.1
1
0.9
0.8

lambda
1.5
1.25
1
0.8
0.6

pi
80
62
62
166
60
136
171
91
195
71

processing
64	54	79	49	82	87	25	32	37	78	
80	95	16	21	15	86	15	3	75	27	
49	75	50	93	79	88	15	87	46	59	
16	65	14	50	15	52	93	93	83	31	
73	20	81	44	95	96	31	11	54	8	
38	4	38	43	52	19	32	67	61	33	
81	76	53	94	81	68	3	75	18	41	
61	46	61	44	89	57	95	22	67	50	
83	60	10	22	4	61	94	90	83	56	
78	65	87	33	17	70	56	19	46	73	
60	9	75	22	8	65	78	4	42	2	
53	26	62	18	4	21	79	97	66	19	
55	46	84	97	78	2	68	35	74	16	
63	35	78	93	56	85	16	89	44	57	
91	52	39	10	70	96	84	6	94	52	
24	6	97	63	5	32	64	28	22	40	
97	40	30	76	35	86	18	50	32	17	
62	78	69	2	43	40	53	29	45	49	
36	24	10	88	87	68	21	8	96	42	
47	94	37	33	28	71	74	1	76	7	
18	40	85	86	95	83	81	50	67	81	
54	4	6	19	91	92	43	67	2	40	
64	4	89	3	36	72	29	11	29	7	
72	46	46	14	87	96	96	25	47	65	
7	56	68	66	75	17	60	73	83	17	
14	5	20	58	7	12	86	35	76	16	
41	49	17	42	62	59	40	16	83	42	
80	45	54	5	12	84	75	27	58	16	
43	27	20	63	40	26	30	27	16	7	
96	13	56	14	54	73	72	49	88	12	
47	25	56	2	84	24	85	60	50	98	
75	49	26	94	13	65	75	96	48	91	
4	45	5	15	15	14	44	42	19	33	
10	65	14	21	22	97	44	62	58	50	
61	89	98	86	40	66	8	17	63	11	
63	22	56	23	37	26	36	80	67	10	
68	76	74	81	97	95	35	96	14	49	
47	74	39	46	17	78	13	79	50	31	
89	14	53	2	90	45	27	82	26	50	
91	49	81	23	86	79	73	22	33	87	
70	79	62	64	81	79	44	49	15	49	
80	5	19	88	7	10	34	87	91	15	
38	84	63	75	62	50	11	36	28	43	
24	53	78	86	19	60	22	18	64	36	
66	45	94	84	88	56	94	23	45	42	
37	38	81	56	14	44	61	25	80	44	
67	5	97	46	46	17	61	23	34	27	
14	1	27	10	85	71	65	36	93	65	
77	86	5	60	97	72	59	59	96	40	
5	21	1	57	22	2	73	39	25	62	

setup
84	87	33	14	15	14	114	113	43	99	107	84	57	52	24	96	41	33	111	83	39	17	55	23	115	1	20	86	101	63	107	61	27	60	74	84	116	65	116	36	83	100	119	59	71	62	31	31	94	61	
114	82	99	109	110	110	88	68	120	59	9	41	89	76	100	44	84	87	37	64	108	121	68	108	55	114	101	58	53	108	94	107	111	88	48	46	25	64	17	116	108	25	119	59	113	119	108	95	91	75	
103	94	93	43	89	67	79	100	63	75	99	83	11	19	55	114	75	100	77	119	89	117	87	37	81	68	84	109	85	119	98	41	113	20	47	105	114	112	98	63	116	103	92	68	82	113	42	9	81	43	
95	97	4	87	91	69	79	102	62	76	98	80	11	20	53	115	76	98	76	120	90	117	86	39	81	69	85	110	83	119	100	41	115	19	44	104	116	112	96	62	118	102	89	66	79	110	44	8	79	45	
1	87	13	31	112	78	58	108	57	94	72	70	34	47	54	108	65	108	81	121	69	107	58	60	62	82	80	101	76	113	75	69	101	22	29	76	90	112	105	33	104	83	80	94	71	84	59	33	65	27	
19	99	24	37	94	45	117	94	48	89	81	44	107	52	122	37	53	70	75	78	107	50	63	103	77	37	95	93	88	113	106	91	71	98	66	60	19	55	20	105	85	18	62	48	75	47	107	70	111	104	
42	53	57	32	73	8	81	99	41	86	76	37	113	54	122	41	54	73	74	71	101	51	63	107	82	42	88	91	87	112	100	86	73	103	64	63	22	51	20	108	83	20	65	46	72	48	102	74	108	103	
103	64	88	66	122	62	104	53	119	79	63	69	104	67	107	81	57	123	85	105	30	84	76	78	121	101	69	123	112	41	10	45	61	82	123	66	123	90	118	77	93	95	69	88	58	101	123	87	67	117	
106	92	99	69	116	117	116	27	73	76	44	79	83	42	113	84	36	107	98	113	20	68	50	97	119	118	59	122	122	57	24	67	45	86	108	80	120	110	123	63	85	72	91	83	36	79	118	98	91	97	
79	102	40	81	33	88	49	57	116	73	93	47	102	99	29	78	89	42	98	24	99	88	104	61	70	108	58	61	115	78	118	57	105	114	43	105	44	76	29	87	80	123	88	106	114	56	110	47	84	115	
107	104	28	54	83	91	86	25	102	32	67	31	97	75	39	79	118	58	88	26	96	89	109	35	73	86	52	62	122	84	106	32	77	89	68	79	41	81	34	106	108	92	60	118	95	30	120	39	103	118	
68	97	67	69	89	36	107	60	114	118	54	48	112	25	53	58	74	14	58	36	47	90	107	79	88	123	69	63	111	110	86	74	121	94	120	61	17	39	33	92	103	70	52	70	112	69	122	36	103	65	
17	72	70	39	121	98	34	76	108	58	120	117	77	106	107	115	109	118	94	90	118	63	32	43	42	119	109	97	21	82	97	44	21	31	119	76	120	90	103	66	37	84	117	65	70	84	94	101	112	92	
25	104	77	65	95	89	95	49	113	109	52	54	111	101	15	84	17	53	57	60	103	122	110	119	78	113	99	56	97	46	121	85	107	121	67	113	24	97	49	99	82	93	36	101	76	30	60	28	39	29	
19	100	110	111	67	61	80	38	92	52	78	89	31	83	105	114	87	49	73	54	86	45	68	39	82	78	33	94	66	62	45	62	100	122	46	34	73	79	37	29	29	109	85	41	73	85	79	57	89	58	
43	100	112	104	105	66	52	94	46	113	100	76	109	49	52	106	91	10	86	101	53	91	115	85	101	81	22	119	39	82	26	11	110	96	23	28	48	121	23	24	49	77	107	73	92	80	121	56	86	21	
75	43	108	112	83	21	113	78	96	49	110	80	49	93	101	75	42	72	104	40	77	93	60	88	62	93	66	123	99	66	68	71	45	47	70	64	99	106	71	65	111	103	72	84	102	104	88	41	123	81	
13	77	94	76	22	98	46	120	33	52	120	119	43	67	74	119	89	31	62	98	49	70	92	91	86	72	44	60	72	91	76	81	99	77	117	81	47	49	84	82	76	101	73	9	25	26	23	112	50	29	
103	21	79	70	49	94	70	35	108	49	57	63	110	110	121	25	81	18	60	112	44	59	86	81	98	87	33	65	74	92	77	84	88	78	116	72	45	52	94	86	92	94	78	23	29	16	8	95	44	19	
78	111	90	122	89	123	60	61	79	65	57	44	113	30	18	112	90	29	72	59	33	119	45	60	101	69	64	79	53	61	24	113	115	23	55	18	69	72	33	23	99	52	31	87	58	77	70	74	40	85	
42	63	94	97	42	108	114	46	91	117	121	105	108	94	91	89	100	93	64	104	86	41	62	51	26	76	108	113	55	96	92	79	81	87	82	104	60	106	105	119	64	78	87	118	120	120	59	98	98	106	
33	99	102	115	50	32	96	92	101	61	56	74	113	45	44	101	49	89	53	106	119	50	65	69	108	53	26	65	94	47	90	41	83	123	64	22	79	26	58	3	101	68	112	37	14	106	119	99	93	87	
60	68	53	36	62	107	98	83	115	75	123	105	93	110	103	59	112	55	73	73	60	90	65	24	38	73	91	67	46	58	39	110	58	63	64	100	46	70	59	90	42	46	94	105	101	94	43	103	45	40	
2	86	101	67	78	6	121	67	103	61	73	76	55	52	62	77	85	21	75	61	50	57	62	54	80	56	121	44	66	87	58	57	113	55	39	90	93	123	37	40	82	27	69	120	114	107	23	81	28	61	
57	65	50	44	60	25	114	59	100	102	79	92	69	121	121	76	33	99	122	38	42	7	67	59	115	11	107	80	18	93	95	112	65	106	30	49	95	110	43	29	66	68	57	78	106	60	51	36	78	59	
5	88	77	69	32	50	73	80	95	99	8	34	123	52	43	121	82	27	78	46	40	38	80	98	96	119	20	50	101	77	103	104	78	30	94	58	56	38	54	89	52	114	114	88	70	58	116	88	99	50	
70	111	99	93	70	96	87	41	110	96	40	16	112	46	49	90	32	92	71	110	98	99	65	76	60	68	106	26	42	63	78	106	62	50	39	59	57	95	89	95	68	63	89	89	8	51	49	47	93	47	
32	89	13	45	99	64	77	73	122	49	51	57	89	27	16	111	122	92	119	8	30	65	97	101	43	51	53	103	27	27	60	72	16	85	83	13	21	48	57	95	73	32	63	60	46	84	70	8	118	92	
3	88	62	90	38	52	122	40	108	97	38	62	113	10	14	112	106	48	52	96	108	94	101	100	91	83	91	92	109	67	35	47	79	33	106	81	84	77	81	52	96	94	57	42	110	37	31	87	107	106	
24	103	52	92	95	84	84	48	74	72	99	93	40	84	92	121	68	67	69	88	103	80	17	14	85	92	98	117	112	55	97	99	45	123	101	86	115	50	106	69	22	67	84	123	74	118	122	33	29	117	
111	49	116	104	95	21	99	65	118	87	18	25	117	111	122	20	85	42	99	112	81	67	27	39	61	69	69	91	108	123	59	73	117	16	109	81	54	118	78	88	102	94	92	19	105	43	86	94	99	60	
92	114	62	50	119	64	100	29	122	88	122	102	66	84	77	84	107	37	86	39	49	66	18	40	103	108	122	112	119	84	87	85	37	101	106	69	119	75	116	39	114	8	83	87	95	89	70	14	78	76	
42	112	51	53	60	33	115	34	90	114	42	49	116	123	116	45	111	94	115	70	45	13	72	50	101	96	104	80	77	90	47	72	88	34	83	96	68	120	98	97	85	72	48	69	102	77	32	67	102	47	
82	25	118	105	41	39	115	47	80	12	87	72	115	32	41	107	98	77	22	99	103	67	105	85	10	2	20	34	16	61	104	75	41	75	99	119	44	107	65	101	112	76	11	31	86	51	45	47	108	64	
81	41	66	39	100	113	38	98	120	123	31	58	116	19	9	118	118	81	31	95	92	89	80	58	67	62	44	22	45	55	72	110	91	121	71	111	96	75	91	103	20	69	122	107	71	72	95	99	93	65	
69	29	105	107	116	84	102	118	49	67	60	56	89	85	78	117	80	66	67	56	37	45	105	84	46	55	70	75	97	39	91	96	75	67	99	96	43	86	82	10	109	59	75	110	102	66	76	14	84	120	
33	79	93	57	95	84	68	98	95	101	36	43	100	110	102	75	92	111	122	115	112	84	51	65	73	69	83	91	112	74	110	55	73	90	60	121	79	47	111	112	31	73	111	14	110	75	113	121	62	3	
110	91	63	21	95	51	94	98	98	33	93	65	91	101	100	83	116	112	117	73	87	86	71	49	79	84	77	84	66	106	50	113	77	89	45	77	113	68	19	24	116	105	30	115	5	58	118	9	116	113	
80	46	57	45	63	70	49	97	115	70	33	18	99	123	115	117	44	72	25	91	72	46	29	30	74	77	60	63	41	59	72	123	121	115	74	59	26	29	56	30	95	119	3	105	28	52	92	25	101	103	
100	68	88	92	47	85	120	55	97	84	74	91	75	64	52	83	118	50	41	122	112	77	66	87	111	110	120	123	108	77	65	96	89	76	123	96	66	78	76	74	110	50	77	72	69	26	78	74	93	35	
26	98	20	27	97	71	76	74	73	82	57	84	50	91	96	24	79	63	40	110	119	115	56	67	19	14	24	15	33	76	111	97	120	122	36	117	99	110	115	123	41	104	69	71	82	104	53	113	115	94	
41	120	88	51	62	25	115	90	117	51	119	118	57	50	45	86	83	88	86	84	109	108	88	107	79	83	64	49	41	46	105	38	58	49	114	114	105	80	74	98	26	75	89	94	104	92	28	112	123	113	
98	74	78	52	102	65	57	43	107	113	100	73	55	96	101	117	62	93	44	80	89	73	111	89	92	92	101	115	105	122	117	98	89	88	123	81	58	102	108	117	91	120	57	85	53	32	99	109	7	81	
11	82	63	73	53	40	122	72	55	97	118	110	32	86	78	111	50	77	82	62	83	112	73	61	20	12	19	37	60	87	107	55	59	57	54	82	107	114	106	109	49	73	34	84	52	62	116	102	29	84	
40	122	58	49	112	113	76	75	89	74	59	58	102	87	98	117	105	76	17	104	83	110	68	73	122	116	101	77	69	100	117	108	87	99	111	77	57	81	89	101	102	16	81	6	92	61	120	104	32	81	
62	79	100	121	58	113	93	37	83	80	40	38	88	41	27	117	38	87	81	81	76	37	99	106	54	59	72	48	36	83	71	81	51	61	89	32	13	40	39	16	99	11	93	90	52	70	77	120	81	93	
113	45	89	55	52	123	42	79	83	44	112	105	90	123	116	52	116	60	118	62	85	84	110	87	115	110	113	103	81	49	97	32	10	27	119	117	110	74	60	84	92	18	76	41	82	104	95	50	75	58	
33	101	16	37	107	71	97	85	38	101	78	102	17	103	89	52	108	71	119	112	120	96	72	63	77	73	83	73	60	58	119	107	73	88	21	106	75	104	107	112	39	95	61	53	72	63	95	106	54	76	
98	91	19	43	53	82	85	17	117	46	89	65	104	34	24	117	85	22	81	40	36	71	30	51	108	102	102	107	115	74	72	31	11	33	122	52	33	20	17	16	109	79	106	52	44	57	93	71	103	116	
61	102	45	84	87	78	110	89	114	72	92	108	38	117	114	28	95	62	28	98	80	51	90	112	86	95	80	65	53	26	88	109	97	72	59	116	94	113	111	88	92	65	39	115	93	88	23	68	99	98	

77	37	16	106	23	57	24	86	72	8	97	110	95	8	80	69	92	70	51	67	104	1	92	41	100	113	28	23	59	116	51	56	72	67	38	94	123	61	99	114	111	72	101	82	79	100	71	91	47	41	
34	46	45	111	49	39	56	90	94	28	86	112	76	30	84	75	95	59	33	42	90	34	86	73	115	114	37	17	77	108	69	81	58	64	27	83	112	65	101	109	84	93	81	77	61	68	103	112	66	27	
48	42	57	114	59	5	87	98	67	34	95	99	71	17	121	54	102	64	16	78	113	9	68	49	96	77	48	40	83	111	45	93	57	35	61	52	119	26	62	104	47	68	62	47	26	89	114	107	51	44	
104	93	123	83	96	121	120	98	100	112	109	83	88	121	46	85	27	93	121	123	16	117	73	120	64	119	99	122	91	75	88	91	77	104	73	85	23	106	118	42	101	114	93	101	119	123	121	97	123	82	
59	81	65	65	38	89	81	51	105	91	68	47	63	66	93	40	68	62	78	79	73	71	26	114	32	117	121	104	55	36	30	58	88	73	35	57	75	123	119	29	52	88	74	116	69	110	93	46	83	92	
47	21	57	89	33	58	52	38	77	116	67	16	85	79	86	69	43	41	66	51	57	66	49	91	2	109	113	115	58	64	33	73	78	46	29	76	70	92	93	27	42	94	89	105	56	111	120	40	95	90	
114	91	68	116	63	53	72	19	70	104	32	54	44	84	37	19	94	33	101	61	103	100	45	100	53	75	106	103	43	91	32	85	64	81	80	50	55	88	101	39	12	50	72	64	52	113	106	75	119	89	
10	36	33	89	46	74	65	59	117	109	62	59	64	53	89	70	51	91	67	33	53	92	56	43	49	84	92	92	29	82	43	91	93	53	68	29	96	80	92	40	71	102	84	102	45	88	101	110	92	118	
72	61	98	94	97	16	62	48	94	81	40	62	108	76	73	48	81	47	108	53	72	92	54	74	23	41	81	110	22	118	60	96	70	31	96	36	108	50	112	16	36	91	81	61	57	113	56	69	100	90	
97	119	95	85	110	85	44	56	70	108	100	80	75	61	27	106	73	71	65	40	39	94	98	105	77	81	103	41	84	123	84	43	112	88	93	58	54	105	122	83	35	33	28	50	28	116	122	16	63	73	
123	108	99	31	88	84	106	93	59	110	65	112	115	53	88	103	62	101	91	102	109	89	61	68	65	77	62	84	88	95	79	71	114	53	52	96	69	87	80	76	103	100	98	61	116	89	38	108	121	62	
20	33	18	120	95	91	116	101	44	99	76	114	112	44	103	71	122	44	36	87	88	121	16	52	73	100	68	74	87	99	70	116	79	31	35	31	109	118	115	24	104	89	82	68	118	56	40	120	50	114	
108	100	90	112	72	35	45	35	99	44	101	105	46	120	30	43	37	99	73	106	111	36	115	67	112	76	77	83	72	62	59	103	68	106	107	85	64	79	34	118	39	82	30	90	56	88	69	94	60	43	
97	70	84	72	40	94	49	48	106	93	102	105	96	122	68	72	70	111	119	75	16	81	71	76	114	65	84	67	68	48	82	112	83	101	97	97	36	88	97	52	105	29	67	64	59	24	62	115	107	84	
31	57	74	84	77	68	65	75	75	95	81	71	96	105	98	63	50	95	87	73	94	29	92	90	96	115	94	99	86	98	101	120	93	106	119	23	76	74	120	76	15	121	108	112	83	117	117	12	120	84	
9	39	28	112	69	68	115	117	6	82	86	92	118	91	83	43	64	122	63	113	32	95	59	91	29	47	81	60	54	77	46	117	77	34	52	101	39	92	39	44	93	79	81	97	110	121	77	75	51	99	
12	39	44	92	39	96	82	69	58	67	99	52	76	104	37	71	33	59	51	45	79	26	29	39	93	56	12	59	74	7	86	90	35	67	104	100	101	56	79	67	82	32	36	84	88	111	61	76	111	75	
28	52	72	95	37	73	107	96	119	83	56	68	71	74	15	56	61	62	65	19	44	81	36	98	58	89	64	62	69	55	113	87	73	12	54	49	81	13	77	73	99	64	41	119	66	121	15	99	63	94	
81	60	40	82	89	43	38	44	93	20	98	83	31	115	102	81	25	36	8	53	68	102	43	108	26	70	50	66	51	66	110	101	42	27	75	74	95	30	107	58	114	87	71	109	52	103	44	110	76	102	
90	91	90	47	82	97	54	67	95	96	103	51	111	95	121	76	117	97	78	53	16	119	71	116	67	82	72	42	111	16	66	33	106	57	57	96	47	56	72	93	59	14	25	122	85	120	82	65	6	101	
44	9	47	77	53	78	119	108	107	121	123	58	75	60	37	70	43	80	68	116	57	118	112	116	66	91	55	106	111	102	111	108	50	111	69	117	122	85	113	48	122	115	110	41	68	101	114	68	114	18	
40	8	46	76	60	38	44	40	100	20	118	52	61	65	79	77	92	107	82	103	117	72	10	88	52	103	102	70	26	96	29	105	92	86	68	87	106	111	107	75	67	72	26	101	77	101	84	102	79	109	
123	103	114	27	106	94	94	83	65	21	83	56	60	84	107	58	89	68	38	46	38	90	77	41	96	82	103	60	65	43	85	119	31	60	106	13	23	92	40	49	57	67	78	24	43	61	35	113	123	48	
122	109	94	55	99	97	82	90	108	90	26	102	91	92	36	65	37	25	77	33	29	97	91	111	81	94	105	79	66	109	86	116	76	100	85	87	88	17	115	106	58	30	85	70	98	31	91	27	119	100	
100	75	96	59	113	105	67	57	67	60	120	63	65	114	55	29	75	18	78	70	60	81	80	76	98	31	97	34	61	75	46	113	10	73	64	96	93	89	97	58	63	89	63	49	89	78	24	87	49	63	
89	66	42	112	76	42	80	96	102	75	63	74	39	116	72	84	39	67	58	48	33	94	99	113	103	68	76	105	83	68	107	77	107	72	65	26	37	100	116	59	111	94	110	97	23	40	115	41	115	72	
101	70	53	123	50	102	115	105	99	93	19	104	90	75	92	48	76	113	97	79	91	116	117	92	32	60	74	51	37	82	116	117	123	84	92	68	50	115	77	25	52	78	119	78	79	44	56	58	69	121	
63	87	103	107	112	88	106	123	28	102	83	34	79	120	82	112	62	62	106	123	109	33	28	16	71	80	77	119	54	93	107	119	83	103	71	77	43	110	5	99	103	54	56	76	38	94	122	43	38	67	
75	104	106	50	100	57	39	41	80	100	99	43	123	42	49	67	79	35	40	58	63	92	94	84	20	48	98	49	95	100	92	77	58	114	65	89	34	67	48	64	95	30	103	59	26	51	95	40	81	47	
5	40	78	41	73	69	117	119	111	102	71	66	116	77	66	33	46	103	58	7	20	99	99	60	84	113	43	76	120	6	74	66	120	47	77	102	100	110	79	97	86	94	51	114	113	123	115	86	120	88	
114	107	75	48	52	97	57	70	115	115	121	81	46	75	23	76	91	56	16	56	53	66	70	60	24	43	77	85	33	120	73	114	38	110	68	71	90	113	111	72	118	66	73	93	95	91	38	68	39	79	
62	74	80	50	68	83	52	48	105	25	110	10	108	75	95	117	102	45	77	84	88	37	44	65	102	83	112	73	119	100	43	109	58	69	76	40	104	121	83	53	79	99	36	70	78	103	13	94	42	54	
99	115	94	72	38	98	106	108	107	97	16	105	11	110	93	35	85	107	119	119	122	98	94	79	17	18	78	107	122	89	116	97	92	44	26	88	106	80	122	59	58	103	118	116	104	37	94	44	108	96	
69	87	97	58	66	52	16	33	110	83	18	117	25	98	98	63	118	104	106	108	95	107	102	90	19	43	76	52	19	112	118	96	73	123	75	82	58	54	113	85	70	102	68	101	39	52	77	31	79	107	
70	45	60	60	51	103	100	111	108	66	82	83	43	95	42	78	107	84	75	97	84	92	83	89	12	26	64	73	117	87	39	93	104	93	123	108	72	58	63	69	69	53	29	20	62	67	110	101	43	57	
8	35	54	66	95	68	106	115	117	104	38	120	75	97	96	94	101	117	108	98	89	60	63	48	120	120	94	67	32	116	109	111	73	56	115	77	90	84	60	97	65	83	118	111	100	102	98	64	116	68	
31	48	21	103	74	45	24	14	105	47	62	92	57	71	19	54	57	88	25	69	64	80	72	55	98	75	106	62	71	71	37	104	94	64	113	11	98	87	54	104	57	77	119	105	93	102	93	65	117	76	
94	115	108	52	66	120	103	103	28	65	42	81	103	105	60	86	57	29	79	72	70	98	101	94	112	99	45	52	55	49	73	50	23	49	112	25	97	13	85	37	48	109	99	49	41	86	116	47	67	24	
92	114	110	32	68	28	48	48	81	71	63	90	99	100	49	96	99	95	92	96	97	115	108	71	41	41	79	90	71	98	51	119	70	47	66	108	29	87	96	82	96	85	53	115	123	111	95	81	72	84	
7	41	52	96	87	38	88	87	91	19	105	96	50	116	117	85	118	111	81	38	38	100	95	114	76	99	24	37	45	80	64	79	98	104	100	95	34	59	90	109	58	116	58	75	93	25	90	33	19	11	
45	19	59	113	69	26	43	48	82	62	88	112	110	86	19	53	26	74	34	83	86	65	65	69	21	29	80	59	41	115	80	87	67	109	76	87	93	32	109	123	101	79	121	112	108	121	44	116	114	121	
6	39	43	123	93	115	98	89	113	61	116	57	67	61	30	88	38	92	108	109	123	105	100	108	59	71	101	51	15	88	117	51	35	27	71	77	16	100	82	9	54	98	87	80	122	89	27	97	84	112	
41	10	43	107	49	50	65	74	53	107	113	116	105	61	51	87	30	84	83	120	105	91	93	71	88	74	40	42	65	75	24	118	71	58	60	78	46	102	33	60	40	100	108	90	84	108	110	9	90	83	
121	112	120	103	28	94	72	56	123	95	113	43	120	30	62	83	24	66	3	52	43	99	95	84	110	83	50	30	49	80	104	32	45	9	75	58	122	85	25	75	111	88	74	103	22	44	116	71	98	108	
66	92	81	100	82	35	19	8	110	85	31	95	118	64	47	65	121	74	85	111	120	48	48	76	122	102	66	34	71	46	85	82	70	32	72	112	46	111	102	102	65	42	74	25	121	65	111	79	86	92	
33	17	44	97	81	118	96	99	88	41	82	55	72	64	5	59	29	67	32	41	47	97	101	67	33	23	79	52	79	116	118	13	60	67	40	82	35	72	95	95	60	107	59	108	110	89	121	87	95	97	
8	30	58	81	42	60	62	68	83	111	62	105	30	107	45	95	44	42	53	18	6	114	121	118	108	111	67	86	49	64	30	91	100	63	43	67	112	26	105	119	86	67	27	64	60	122	74	111	49	31	
11	29	36	93	29	88	85	79	70	74	49	116	104	55	34	58	42	98	84	88	76	118	109	79	18	15	81	119	84	110	93	91	84	54	55	119	40	87	84	57	36	101	18	102	113	64	75	69	37	82	
66	47	8	116	94	72	101	96	111	47	105	11	112	70	101	67	83	68	93	50	49	85	76	54	46	48	96	52	16	104	33	83	111	121	114	39	119	88	88	19	60	25	72	76	67	23	107	81	79	119	
57	91	104	100	111	108	111	120	116	85	53	108	61	86	33	89	111	98	47	32	41	104	97	86	82	54	49	45	72	67	107	56	67	51	70	110	61	78	102	52	44	55	66	38	22	77	71	75	66	65	

64	26	4	112	1	49	72	103	90	86	102	106	33	81	71	40	60	86	53	77	55	40	115	123	81	33	39	95	96	17	57	79	42	103	67	42	71	16	64	37	101	85	63	54	85	10	93	22	15	23	
18	77	17	111	18	33	68	96	73	78	89	119	29	94	65	24	43	97	52	67	67	24	117	106	89	39	29	103	104	18	49	62	38	96	70	47	73	4	79	39	109	70	69	41	75	20	90	20	31	36	
13	14	62	105	11	43	70	101	68	83	78	120	20	104	54	13	31	93	46	54	79	11	114	93	79	39	37	113	107	5	49	53	36	87	69	53	61	16	77	38	117	71	60	53	73	13	78	22	35	33	
74	71	86	123	79	94	17	16	19	89	32	103	67	85	104	78	69	66	63	92	38	86	114	110	59	66	62	60	99	87	42	92	115	87	92	71	33	72	101	119	114	46	82	96	46	85	119	83	97	55	
107	111	102	4	55	95	16	16	16	86	33	101	68	84	101	79	69	67	65	92	39	83	114	108	58	65	59	62	98	89	43	90	116	84	94	69	34	74	102	119	116	43	81	97	44	82	116	84	98	52	
102	98	104	57	58	73	58	43	58	42	53	114	51	79	90	61	40	20	10	68	89	56	106	101	113	65	50	81	78	74	66	76	102	42	103	117	48	48	85	62	110	30	106	80	98	50	98	88	111	69	
27	20	24	112	104	28	113	56	77	32	54	102	51	96	86	59	58	33	22	62	85	78	79	75	100	63	23	57	83	88	48	79	107	38	82	117	30	22	61	37	95	35	86	61	84	51	77	106	97	42	
28	25	35	105	96	54	44	113	49	40	71	114	71	94	93	81	32	60	50	104	64	99	47	77	65	25	55	45	106	62	51	39	78	47	75	104	43	27	63	11	119	72	109	23	52	45	96	93	65	52	
25	5	18	115	117	50	87	115	91	113	54	107	64	84	115	110	104	117	103	108	72	53	79	50	106	101	83	94	61	85	79	117	66	95	62	114	98	97	117	121	51	115	89	103	76	71	108	97	60	75	
105	97	90	34	106	17	68	101	98	62	122	34	78	37	35	37	71	40	73	75	56	80	58	53	80	22	47	14	80	66	66	95	60	4	99	29	10	58	75	26	62	112	114	40	58	64	87	64	57	35	
89	107	122	50	83	108	65	119	123	114	120	113	103	110	101	113	57	123	69	68	82	64	59	74	49	115	110	122	104	88	72	121	85	116	80	89	113	92	100	104	106	108	99	83	119	118	97	68	119	112	
45	35	49	76	95	64	88	63	45	123	20	74	114	104	118	98	58	116	56	73	74	63	42	60	61	119	116	117	107	94	72	112	70	99	80	86	106	75	87	90	93	110	91	101	105	123	101	62	110	115	
46	30	29	84	73	82	52	12	47	84	99	100	121	115	62	68	63	40	61	47	29	52	76	44	63	55	36	110	92	61	78	93	118	21	79	38	94	80	76	100	25	42	44	92	60	51	65	42	96	76	
115	114	100	13	70	73	42	68	93	56	79	37	96	115	123	118	83	106	67	123	107	87	71	117	122	116	86	47	117	116	33	112	117	97	35	92	113	57	99	115	104	107	101	44	118	51	119	63	115	42	
103	82	80	54	49	110	114	60	14	117	59	94	36	102	116	44	69	77	50	122	67	103	67	123	86	82	39	91	46	121	111	39	92	122	78	64	85	65	100	111	62	22	87	62	41	85	75	57	111	96	
71	72	69	93	93	85	94	55	74	53	87	69	61	94	121	111	91	119	89	100	107	80	61	109	122	74	95	41	96	24	81	113	113	56	94	93	97	88	70	67	98	123	52	91	112	120	61	106	24	72	
50	69	84	71	44	57	56	12	51	93	84	90	114	7	117	98	111	62	111	31	14	64	87	82	55	73	64	90	59	90	106	19	79	80	15	106	109	101	71	84	28	43	118	94	103	34	52	29	81	59	
79	70	78	40	50	46	64	92	112	111	114	107	54	111	43	63	92	98	81	92	90	81	51	115	42	37	32	110	97	53	104	80	82	82	104	43	87	47	40	22	76	88	29	32	61	90	102	92	74	36	
120	104	88	103	122	110	113	87	65	84	80	51	67	96	30	16	81	67	93	113	73	33	66	106	75	45	40	76	116	106	48	24	100	64	69	69	55	84	41	84	21	31	66	60	51	89	94	78	68	63	
37	48	47	89	69	41	32	52	16	114	39	76	100	82	122	85	39	86	112	75	92	81	55	42	120	94	94	71	97	92	111	94	23	107	59	77	84	68	88	97	121	108	106	98	111	100	58	96	64	74	
94	116	108	36	92	102	87	87	51	68	91	113	103	32	95	56	84	101	35	81	60	39	113	96	87	56	58	81	104	70	51	79	64	101	49	114	42	32	15	86	73	91	119	34	122	44	89	46	21	90	
25	8	23	109	106	44	54	95	52	81	74	74	113	40	118	99	74	84	111	26	111	92	28	81	46	74	101	56	116	76	108	93	96	87	68	30	102	110	117	80	44	104	11	121	87	86	72	79	111	49	
114	115	113	45	50	83	120	81	78	48	110	61	114	57	114	87	34	88	62	70	63	69	68	93	41	76	98	39	99	115	86	26	33	63	3	62	73	99	98	60	33	58	77	74	34	59	87	21	87	50	
67	71	60	64	102	52	27	41	46	93	66	68	114	73	92	58	115	96	112	107	80	97	101	90	65	33	121	79	11	75	104	87	71	73	102	78	75	99	61	66	119	107	79	32	70	79	38	82	96	93	
109	123	121	87	47	82	82	106	87	48	86	43	106	123	114	120	73	16	90	97	54	28	33	109	74	118	104	56	111	103	110	56	44	92	115	49	83	35	108	113	98	113	31	109	58	60	86	33	98	66	
96	77	85	29	93	45	28	34	53	70	104	111	55	69	80	99	31	72	58	104	94	113	101	113	112	61	39	75	46	121	37	78	82	39	110	116	86	102	112	49	58	77	96	70	123	74	98	109	123	93	
122	112	104	98	22	109	69	89	42	113	118	44	121	98	58	89	45	27	69	114	47	66	83	71	83	79	76	74	114	44	77	11	90	44	59	98	34	76	97	70	30	75	95	100	115	120	117	114	86	70	
15	33	29	85	49	57	105	81	97	59	108	55	105	113	93	51	43	94	87	111	88	71	87	67	67	63	44	52	78	13	84	51	65	60	31	70	39	57	88	56	55	116	83	120	97	119	93	109	77	79	
45	44	40	113	53	105	116	78	77	37	91	93	66	105	23	27	99	49	98	100	52	28	17	102	88	104	113	123	51	115	72	115	87	84	100	112	102	120	51	119	81	81	112	82	101	102	102	68	121	85	
13	22	34	87	33	95	55	57	89	111	98	44	99	101	97	77	34	71	15	112	85	106	85	40	70	121	114	64	17	65	80	104	86	88	106	105	111	105	59	115	70	79	102	96	110	97	95	57	112	80	
2	26	28	122	99	77	38	69	31	95	59	81	41	101	116	97	32	61	69	119	54	90	66	109	66	84	86	21	79	113	29	57	60	40	21	34	15	86	103	115	117	62	45	58	89	26	100	91	105	37	
93	109	100	84	86	26	74	69	106	118	98	30	114	112	86	98	10	66	17	103	42	31	28	113	68	68	90	35	82	61	118	72	67	123	110	110	122	105	97	99	3	82	106	119	32	122	101	120	89	90	
118	109	122	35	66	93	58	18	62	88	89	123	120	26	123	84	15	55	44	89	15	29	18	101	87	106	69	119	54	65	67	35	70	114	81	95	96	99	101	86	33	74	115	93	27	104	96	122	87	105	
12	36	46	106	56	70	100	66	69	56	96	86	108	25	116	82	12	72	78	93	16	31	23	80	37	90	86	119	73	109	49	31	90	52	34	121	38	51	90	110	94	95	43	39	94	21	16	80	40	116	
66	69	54	71	69	87	53	17	61	112	61	90	116	108	61	59	87	61	69	48	74	52	66	60	45	107	84	41	83	98	46	91	116	107	75	37	78	59	28	59	36	120	123	103	62	104	96	113	81	17	
89	105	104	14	73	83	83	122	86	55	87	112	65	93	88	47	84	34	105	121	116	97	98	47	53	100	98	73	70	123	112	91	76	98	86	89	65	119	83	52	103	70	63	72	27	84	33	59	32	88	
121	104	89	87	51	82	120	81	109	40	110	105	105	109	47	59	113	79	27	90	118	95	92	57	26	114	103	98	26	105	70	65	53	115	106	102	32	91	64	98	45	33	89	84	115	30	99	109	122	116	
57	76	82	62	77	40	74	32	36	122	68	90	87	75	117	113	103	113	107	69	105	115	108	55	50	81	48	115	81	89	42	35	51	96	113	116	96	93	54	111	75	87	114	108	96	90	75	44	43	84	
85	96	103	4	79	119	66	99	85	99	112	3	114	17	117	114	115	68	103	58	40	38	64	87	76	123	111	83	10	110	71	78	122	71	38	46	106	102	74	117	32	87	110	93	123	100	60	95	97	41	
74	51	36	104	45	54	61	46	6	108	66	117	121	64	84	55	108	117	106	101	65	32	37	114	76	92	69	112	93	98	66	62	112	10	31	36	61	79	57	69	30	77	56	122	79	75	96	97	68	63	
49	31	18	101	98	63	39	65	101	100	98	102	72	46	121	115	68	85	66	49	96	72	80	70	111	95	83	118	44	95	26	75	98	62	71	63	84	78	61	120	78	90	120	14	54	56	104	120	57	87	
83	99	110	95	54	71	38	20	35	98	82	89	72	92	46	16	92	58	57	107	96	121	114	97	92	110	104	114	102	51	118	73	89	45	22	27	41	97	70	77	74	103	57	81	52	96	34	115	24	96	
113	105	115	18	66	70	110	76	91	72	86	59	116	123	50	29	104	82	85	60	86	61	46	77	113	70	86	123	115	7	77	112	49	103	93	60	82	98	98	29	6	89	87	55	103	90	105	44	89	32	
49	56	57	74	57	49	68	84	77	103	115	81	111	11	120	100	101	108	40	117	57	39	23	96	109	17	31	76	43	87	112	113	47	101	123	99	41	81	81	60	73	69	108	99	108	117	103	91	47	120	
12	19	18	118	66	70	117	120	76	84	59	89	72	75	75	37	65	19	88	89	54	91	94	90	76	79	41	81	65	58	53	96	30	85	113	112	78	100	98	63	57	79	79	34	28	121	82	94	74	123	
68	77	84	45	55	81	25	40	31	94	89	64	111	79	77	59	56	111	44	96	120	96	104	13	58	76	64	76	5	113	70	37	87	123	100	112	51	121	72	65	85	94	113	109	116	111	101	33	75	35	
30	18	27	120	48	55	40	79	98	32	120	79	45	106	120	121	119	96	106	58	97	106	92	10	71	83	88	46	107	61	40	52	115	7	38	39	47	86	41	82	107	21	55	24	102	37	71	12	106	25	
8	21	20	109	62	59	38	62	64	50	75	40	123	27	108	87	26	83	70	102	92	80	68	90	44	109	103	54	38	116	78	100	82	107	87	79	23	91	89	48	53	58	45	84	63	112	89	70	89	88	
22	19	22	107	77	84	123	123	112	121	21	108	17	107	19	57	62	46	53	69	70	97	107	60	105	120	105	120	101	61	111	89	95	42	63	98	54	46	83	100	87	4	59	84	100	114	40	32	31	58	
19	22	30	96	74	81	25	41	44	81	65	108	114	111	61	26	98	58	98	121	113	99	109	96	51	116	116	54	110	118	114	97	53	84	80	106	88	52	56	81	62	35	37	49	67	106	90	89	32	50	

121	78	93	20	78	2	7	97	50	75	89	69	1	85	92	87	87	17	17	56	109	63	50	32	34	93	75	59	6	106	99	46	60	69	108	57	113	114	31	83	108	119	28	108	1	39	115	87	55	8	
63	55	76	80	79	62	59	95	65	78	57	17	63	98	87	71	48	73	55	14	54	36	89	80	86	87	17	41	63	95	97	27	39	52	56	103	77	96	39	35	89	80	88	99	63	81	108	44	24	64	
19	75	67	54	72	95	114	22	46	84	68	70	26	74	74	21	94	102	119	72	89	45	49	114	120	89	77	106	28	33	108	90	89	37	59	94	57	81	108	51	93	43	83	60	90	108	71	106	52	109	
60	98	105	98	49	79	79	97	82	52	57	79	81	123	104	120	80	75	54	104	117	66	121	32	56	63	76	74	82	76	99	37	86	115	49	57	58	66	119	104	55	76	92	51	81	10	65	54	83	48	
120	73	50	86	114	26	109	59	62	47	105	43	85	117	74	58	28	13	94	92	79	109	118	83	52	35	32	90	74	121	22	65	40	98	42	85	110	86	73	36	54	85	8	47	41	77	91	99	33	99	
121	96	86	100	120	89	24	119	60	95	82	80	121	92	107	116	117	110	78	98	123	53	92	84	117	108	113	99	98	111	107	99	121	70	107	38	93	113	77	120	82	95	116	110	115	119	115	29	101	89	
86	66	120	117	73	65	104	71	54	50	63	33	81	106	46	77	120	58	110	121	80	50	53	69	93	96	64	52	39	79	85	48	92	32	107	81	118	77	80	106	61	105	63	49	117	58	101	75	112	30	
48	116	81	97	78	94	74	49	93	108	106	100	88	53	58	73	113	90	89	96	76	44	49	55	68	43	77	49	76	16	85	83	43	90	109	80	49	74	80	60	57	39	95	103	102	114	46	109	47	45	
43	99	64	98	71	94	111	55	113	80	60	48	44	15	37	44	64	49	121	85	60	43	39	59	109	75	57	28	118	63	37	52	64	36	121	84	7	57	122	19	72	21	49	111	48	88	29	102	31	98	
41	102	96	114	112	113	122	73	61	84	44	35	72	58	86	34	19	43	79	77	49	86	63	38	83	15	64	66	69	104	33	86	50	95	97	40	56	82	77	73	55	63	53	67	35	33	49	79	34	83	
2	78	80	94	46	38	18	59	40	51	105	35	86	53	95	57	46	65	34	85	69	101	98	80	36	39	78	33	78	103	25	80	62	119	79	24	62	73	83	105	20	90	51	49	23	66	56	79	83	119	
39	102	81	99	116	114	100	98	58	114	123	105	67	97	111	120	83	99	107	45	120	50	44	87	111	117	49	102	113	23	112	74	76	65	123	117	105	112	99	21	121	43	98	106	116	68	104	73	116	101	
75	16	66	109	97	98	101	119	58	114	88	91	91	114	86	91	32	14	99	84	41	103	117	30	65	32	110	80	111	76	26	74	51	79	78	34	122	86	32	78	84	54	64	29	29	37	24	43	104	23	
105	79	72	80	97	96	84	123	32	80	79	54	80	93	117	68	54	77	93	20	78	27	44	73	112	55	117	45	52	19	61	114	75	90	3	55	50	111	78	105	25	33	59	106	68	50	83	90	26	69	
50	58	26	60	37	27	23	70	74	8	44	54	95	92	72	101	74	113	97	103	28	109	115	95	71	40	93	67	49	92	83	121	83	102	90	109	123	37	43	32	106	123	48	74	25	67	21	35	75	88	
76	44	108	103	105	108	104	52	58	101	101	93	113	94	56	87	85	89	110	51	74	120	118	110	85	75	71	50	72	63	95	101	53	123	37	74	87	54	27	30	83	120	13	52	72	40	56	58	79	56	
63	63	50	61	26	22	11	61	77	52	28	18	56	61	92	18	16	74	121	66	66	119	123	114	93	65	55	54	64	59	107	84	48	109	20	62	92	39	17	15	77	116	24	60	64	56	66	72	63	53	
47	72	123	94	87	100	110	93	58	77	76	109	53	118	86	59	86	78	57	66	105	88	112	79	39	86	71	115	33	42	67	32	52	59	75	83	90	111	93	85	85	113	103	121	58	92	110	94	53	110	
96	119	105	57	39	46	66	91	64	102	65	51	17	118	100	9	90	27	36	56	87	70	118	91	33	101	76	116	39	32	64	32	75	53	76	104	85	122	107	73	101	107	115	122	62	93	112	111	63	108	
61	97	64	62	103	114	116	70	75	99	65	94	53	100	99	39	64	16	69	36	36	42	100	121	40	71	29	51	100	51	43	65	60	105	86	118	38	105	41	121	91	84	67	94	65	101	71	85	40	68	
112	113	108	68	92	114	92	121	55	64	57	61	117	107	18	95	64	94	83	83	63	71	19	63	67	86	59	75	49	105	104	49	69	69	74	37	87	24	85	120	20	50	62	34	39	21	108	23	50	38	
89	54	35	75	39	51	37	67	40	93	85	112	97	82	56	77	23	87	52	74	96	48	109	114	103	118	92	55	111	92	121	51	120	115	109	100	55	91	116	36	99	101	91	103	107	98	49	86	109	69	
6	78	51	99	118	113	92	59	101	31	37	38	47	80	108	55	85	25	38	40	21	53	104	90	79	110	115	71	113	121	101	99	84	107	94	71	82	95	101	85	117	64	52	84	106	92	80	35	119	65	
87	54	96	93	61	68	67	68	110	36	34	24	71	69	86	98	54	75	71	53	32	69	88	92	17	111	106	22	111	112	40	53	84	95	31	80	10	70	68	15	37	90	54	83	55	94	97	98	98	101	
60	88	90	114	96	109	116	67	85	60	44	26	55	72	111	39	105	120	94	110	121	114	81	118	104	99	116	109	12	111	88	112	71	67	106	55	112	118	101	111	86	65	109	122	78	52	95	104	72	35	
96	48	110	113	77	73	58	29	74	20	62	57	97	81	103	54	42	86	48	63	34	91	95	76	73	116	121	114	62	42	42	101	118	9	74	94	100	122	114	120	70	72	99	118	119	51	75	123	81	95	
50	83	23	70	25	14	17	55	91	90	68	63	68	60	118	62	52	80	116	70	70	18	102	104	114	95	74	46	99	61	66	121	42	89	103	34	54	115	118	41	51	39	46	109	29	87	103	118	98	23	
77	110	108	109	120	98	81	110	109	97	93	98	62	64	64	115	51	96	62	25	26	49	97	116	101	63	92	47	99	111	86	57	120	121	78	99	93	106	118	74	57	66	70	63	106	70	30	93	24	102	
103	79	63	88	63	58	76	14	83	100	72	103	75	117	80	90	113	107	98	72	73	33	88	39	49	73	69	92	91	38	119	44	73	35	43	44	112	102	116	113	116	45	84	84	84	68	63	32	109	85	
72	123	107	78	120	116	96	69	115	52	62	33	91	78	73	38	121	57	36	83	88	94	93	4	14	109	30	30	103	96	65	91	64	107	70	113	48	11	28	60	25	119	21	62	76	46	77	79	105	74	
30	90	117	108	85	103	84	102	54	118	81	101	37	79	93	48	76	19	63	8	30	97	91	23	22	85	77	107	110	92	66	64	108	23	83	106	53	90	81	91	86	64	101	40	89	62	65	119	87	114	
5	77	23	50	20	33	33	82	19	62	47	66	4	116	8	104	95	113	83	57	46	99	62	114	106	91	34	28	118	117	57	12	111	71	30	51	103	60	33	69	90	29	75	24	43	70	76	95	92	72	
14	80	115	94	50	64	70	23	87	63	85	64	64	114	85	66	92	70	109	59	40	62	99	69	75	114	37	59	54	89	74	19	115	69	21	54	94	52	47	57	90	35	76	40	48	81	67	96	95	60	
100	44	57	104	108	109	97	48	46	69	34	26	54	123	122	57	81	118	94	61	60	60	80	18	8	99	104	108	68	84	97	45	80	106	69	51	121	82	63	31	22	103	37	90	35	104	19	26	114	40	
85	110	64	110	101	101	92	28	86	61	21	32	52	92	111	98	77	106	82	42	27	73	103	67	56	91	99	82	108	101	123	95	46	52	52	41	109	95	45	75	47	60	71	87	58	71	42	58	97	61	
95	21	60	64	94	87	92	64	52	73	75	91	113	103	30	113	95	76	111	81	97	84	89	88	98	62	81	110	103	80	122	59	82	99	117	75	102	42	77	112	103	63	122	67	64	76	102	68	74	73	
59	75	2	53	93	76	97	91	73	80	114	101	94	94	88	123	85	21	40	68	61	87	60	102	92	96	50	61	56	43	24	80	49	52	41	70	64	41	86	123	62	39	66	113	80	46	38	21	70	97	
97	47	68	67	52	57	46	39	117	96	65	52	25	100	62	72	22	69	22	49	25	79	39	98	103	56	82	121	60	63	89	76	61	66	4	42	120	72	121	74	112	102	114	65	80	112	121	101	111	34	
56	44	100	122	100	108	123	90	8	78	89	83	90	52	85	87	60	81	110	118	105	97	103	63	74	65	93	77	111	118	79	34	113	92	83	96	54	68	103	23	48	99	120	26	116	90	112	122	96	84	
24	83	29	63	70	55	56	111	114	37	71	97	118	23	113	101	70	14	51	71	81	44	111	94	91	105	79	97	58	92	111	96	75	44	109	94	103	114	53	107	87	54	117	30	123	68	92	91	110	45	
24	84	64	15	35	15	37	66	37	99	78	44	88	58	100	45	93	84	123	109	83	115	120	113	121	75	65	25	110	81	64	111	8	75	86	109	8	35	120	117	33	90	94	109	114	67	66	98	13	82	
18	61	44	76	89	73	83	123	71	71	57	27	50	118	45	67	68	78	120	111	121	69	117	59	57	115	56	40	95	82	79	122	28	63	35	20	113	92	39	51	78	61	46	51	77	122	118	35	88	26	
19	92	96	78	51	32	41	58	55	105	77	97	76	74	58	59	116	88	84	39	39	87	71	100	113	99	113	99	106	77	68	99	27	85	95	70	76	91	76	78	39	89	20	69	63	54	34	61	67	103	
1	78	85	119	77	98	92	95	34	61	57	86	110	102	100	116	119	88	117	115	104	117	63	61	56	65	92	95	108	123	85	32	90	77	59	32	119	81	70	73	94	88	64	86	38	92	33	48	54	79	
38	55	88	107	117	96	91	69	93	65	35	16	70	80	42	114	77	33	82	113	82	96	31	115	103	99	72	60	118	92	64	114	97	43	59	95	57	65	62	69	60	41	58	69	107	122	84	47	49	90	
37	79	113	70	67	47	38	96	24	81	85	56	39	122	42	63	113	51	10	56	45	35	99	56	58	53	100	91	69	75	11	57	57	99	74	105	50	11	119	119	108	121	120	86	113	102	53	108	91	28	
67	85	60	32	71	92	87	34	112	93	108	76	96	114	97	12	94	27	57	5	38	81	122	121	123	106	16	33	82	62	100	61	104	92	121	96	18	32	100	81	100	95	67	22	28	95	122	37	59	98	
67	72	62	9	47	26	46	41	59	28	25	27	65	55	64	74	30	76	110	72	61	17	101	27	39	104	81	38	109	99	52	87	45	36	56	73	117	103	71	76	121	81	119	87	80	43	71	112	94	38	
18	70	66	56	89	91	87	30	81	75	97	93	83	64	94	119	47	39	68	55	50	52	121	85	73	112	100	93	71	103	59	11	118	57	37	47	84	72	104	113	101	122	100	52	69	102	123	101	58	116	
17	67	89	86	100	89	90	111	100	64	85	81	120	101	100	56	99	108	90	112	101	86	44	55	44	98	95	98	119	108	85	42	118	96	116	94	65	47	103	99	46	101	122	100	77	66	28	47	58	100	

120	14	59	59	105	57	112	38	100	65	98	64	77	57	45	43	74	59	42	106	43	104	118	8	70	19	82	7	84	34	98	80	47	33	15	71	9	46	28	28	111	46	12	64	102	56	26	52	34	68	
78	117	92	93	60	34	96	78	54	24	39	115	2	31	85	77	33	40	65	110	83	75	72	81	121	81	99	73	113	79	105	63	110	87	84	51	79	68	83	84	120	103	78	64	117	71	55	94	79	49	
46	42	43	95	75	68	93	48	59	21	35	99	41	62	50	64	55	12	66	72	114	102	60	69	100	100	85	108	74	63	78	72	75	99	83	47	117	63	90	64	115	115	60	95	109	53	33	80	117	71	
4	12	92	79	21	87	99	73	46	95	82	12	101	92	106	77	74	92	86	92	119	56	84	71	55	60	43	18	52	122	53	96	65	62	89	76	111	64	12	106	33	101	66	90	64	94	97	114	65	111	
64	70	79	37	78	122	102	99	55	109	86	36	91	91	98	105	88	115	81	111	123	40	68	78	78	64	56	44	70	88	62	70	66	61	75	72	111	92	28	93	39	122	35	61	98	91	122	90	62	78	
94	101	79	32	45	91	103	102	27	72	68	59	53	50	91	65	106	119	97	100	120	32	83	50	111	101	62	13	27	63	105	98	103	69	50	110	113	74	66	61	38	98	21	91	93	68	90	91	56	121	
48	56	90	37	35	105	85	56	113	111	53	85	86	116	32	83	122	33	40	56	85	121	47	95	83	84	70	108	94	109	3	43	51	97	122	56	96	118	52	57	75	103	96	38	86	100	72	91	83	115	
89	90	84	53	36	106	80	85	81	35	89	92	76	57	89	104	68	61	115	50	50	91	116	66	93	43	121	30	111	80	81	75	122	60	71	25	44	63	120	66	108	25	22	68	96	81	79	104	57	104	
10	22	108	40	27	115	66	101	8	69	37	82	36	92	15	46	75	45	62	123	57	59	109	47	80	104	36	74	67	106	24	96	31	42	57	110	77	70	33	111	59	84	89	95	26	123	75	17	75	11	
32	41	107	30	23	112	20	51	103	62	120	97	121	89	98	102	108	73	117	54	98	88	97	96	38	88	85	94	73	10	95	88	113	81	120	89	104	66	86	32	120	121	76	85	78	84	117	99	52	104	
40	51	93	9	14	111	79	43	94	32	109	83	100	74	119	108	82	97	119	64	82	89	114	76	53	86	81	100	49	28	119	70	85	83	103	111	111	83	115	3	117	107	48	109	80	76	120	81	35	92	
109	104	70	90	76	88	93	114	37	59	65	86	114	121	78	44	116	80	76	114	102	83	117	43	81	29	95	78	61	90	91	28	113	40	69	104	115	122	69	64	109	109	91	105	44	111	72	18	38	71	
6	18	105	98	112	34	90	63	123	113	112	75	105	123	51	117	81	21	121	112	118	11	62	54	115	66	90	70	75	119	70	55	50	65	69	56	112	87	113	43	122	85	119	87	74	60	13	85	91	91	
110	120	35	78	80	112	105	117	107	80	41	119	110	30	61	35	109	95	78	35	96	108	106	78	73	92	80	82	97	56	114	67	115	49	56	74	41	37	89	77	54	69	27	120	74	54	121	106	46	77	
42	47	72	57	47	81	59	99	82	79	82	14	110	39	59	34	88	85	58	27	116	118	82	63	107	106	52	83	87	30	77	99	121	42	45	71	59	43	103	108	21	35	33	102	60	85	114	93	74	68	
52	53	102	38	21	118	44	65	32	97	46	99	87	57	55	91	54	111	59	52	103	120	67	40	60	103	37	82	40	81	86	55	122	83	22	104	100	52	114	55	67	72	39	72	76	78	83	72	120	28	
117	108	103	98	117	67	101	110	44	80	53	53	91	91	84	83	57	64	31	101	45	104	114	54	40	42	53	93	78	105	21	108	79	53	87	70	118	78	43	64	78	22	57	99	41	75	95	38	49	103	
123	122	87	19	27	115	35	41	51	94	38	67	107	66	86	65	115	71	91	35	89	75	59	74	83	122	119	26	98	108	118	11	48	93	66	103	103	112	85	73	117	110	69	35	117	73	79	87	109	25	
28	29	119	57	75	114	22	55	96	42	93	123	90	69	42	12	52	49	25	66	62	40	71	114	59	121	107	57	102	113	89	41	95	98	96	79	80	73	76	41	71	76	87	28	122	106	67	117	116	72	
8	19	86	116	120	13	97	52	49	29	101	42	88	75	40	50	24	85	24	65	57	26	73	114	37	115	112	44	93	92	75	33	78	78	74	64	91	73	53	27	58	77	88	9	119	84	49	116	105	82	
79	77	65	114	111	48	98	104	102	110	21	102	109	21	49	71	120	81	93	116	49	117	122	80	83	91	52	84	71	114	92	110	92	103	51	109	31	65	74	103	71	69	40	117	117	62	116	32	23	62	
78	74	83	113	117	118	83	64	92	95	32	80	95	34	53	78	107	48	113	65	40	73	122	46	96	80	63	115	47	87	80	106	54	83	60	109	47	50	42	92	103	49	33	112	88	25	104	68	36	59	
94	91	59	96	99	27	103	91	119	111	106	112	79	51	90	69	21	61	76	83	50	105	99	123	31	31	70	81	115	90	119	30	114	106	112	111	59	118	109	21	31	60	123	110	60	102	22	67	94	83	
10	18	108	17	19	121	64	91	62	44	120	94	94	72	17	38	90	79	80	55	107	11	120	48	117	110	121	72	73	40	82	109	35	87	72	88	75	9	114	102	114	104	97	41	106	86	120	120	57	58	
11	9	99	73	76	107	118	82	112	82	73	89	103	45	46	77	62	28	70	24	48	82	57	77	98	47	80	88	72	66	56	114	63	50	66	15	122	78	118	78	39	93	58	47	91	36	117	59	43	69	
104	116	87	122	114	42	112	119	76	93	82	31	105	29	86	65	86	92	39	84	59	65	121	100	34	110	60	110	64	87	74	115	87	64	86	29	114	82	98	85	61	72	43	36	70	22	122	54	30	39	
105	99	43	111	114	77	72	24	63	26	102	40	120	105	113	98	113	95	58	87	88	69	104	63	74	58	92	96	106	76	20	69	94	68	107	32	98	112	60	84	36	57	41	80	73	47	66	5	54	53	
48	58	98	30	10	121	115	81	113	80	119	52	107	116	96	107	80	60	38	95	45	91	91	42	81	75	33	8	80	55	40	47	74	89	105	60	93	105	57	87	28	60	65	87	93	72	74	29	26	39	
26	33	117	71	84	40	78	93	61	97	54	84	88	38	81	86	67	24	85	60	67	61	101	116	11	40	81	23	83	50	19	26	65	73	100	49	108	92	49	91	12	54	47	77	89	73	58	11	7	18	
5	16	95	49	67	119	33	70	58	35	111	59	84	85	77	83	30	58	64	31	45	94	58	78	95	58	53	85	84	87	68	86	116	114	85	42	119	60	104	112	81	70	68	70	27	99	28	79	88	81	
96	97	29	112	115	14	115	93	77	76	54	95	78	90	77	79	68	9	93	65	15	105	39	115	113	95	85	87	111	74	59	95	49	48	79	68	112	70	115	67	53	71	7	37	81	113	64	64	50	101	
82	94	56	40	53	70	68	108	113	75	97	82	92	111	96	97	63	82	106	43	48	117	40	85	48	14	57	70	66	48	23	37	51	60	98	48	108	51	122	58	59	77	18	30	90	96	79	76	33	90	
45	46	72	52	51	86	70	68	82	94	123	119	95	74	21	50	35	37	99	79	87	72	82	116	54	88	67	39	101	55	20	103	77	85	41	61	97	116	61	83	68	94	116	112	89	23	37	101	119	60	
23	31	77	95	93	116	113	120	61	82	106	28	101	114	119	95	119	84	55	16	55	108	91	79	92	122	79	116	66	64	10	87	113	52	117	100	52	122	82	81	74	70	119	26	39	122	92	19	79	72	
27	39	107	25	20	118	27	63	96	60	123	101	102	53	35	18	42	57	94	67	54	69	96	66	105	103	102	110	90	68	109	54	29	78	73	29	74	101	82	83	6	99	44	82	115	65	98	93	109	120	
75	66	38	67	81	66	112	76	14	70	74	110	39	110	79	69	104	80	101	106	101	96	114	116	95	75	71	37	95	58	55	107	76	118	39	83	58	113	62	103	38	74	50	91	113	42	64	61	91	88	
75	69	76	20	39	88	50	95	30	71	84	74	52	76	58	61	16	57	85	28	38	107	60	78	87	109	91	25	95	109	59	117	120	50	108	113	92	118	57	46	123	105	79	88	114	97	122	55	86	32	
85	83	85	81	86	114	22	41	107	61	79	121	30	115	102	117	100	57	68	52	52	78	87	65	56	101	114	103	102	64	37	78	88	69	116	97	87	90	39	111	38	19	58	6	59	38	121	66	112	98	
27	20	91	17	35	115	47	16	77	81	96	54	119	68	91	85	86	24	80	26	52	73	73	62	117	77	88	16	75	102	94	81	64	109	67	49	88	100	61	99	67	115	113	101	69	121	35	61	62	47	
73	73	77	112	98	37	116	116	69	12	115	106	111	45	33	27	51	61	71	6	58	85	41	117	32	35	92	116	109	82	86	18	43	76	121	121	70	75	81	77	21	85	50	64	107	63	102	41	88	91	
51	63	119	74	73	89	40	30	56	47	104	59	73	64	35	10	58	114	106	73	113	8	122	34	91	66	40	66	69	54	17	103	81	91	85	99	115	122	88	79	60	78	76	48	102	19	92	68	96	49	
24	26	108	86	71	78	107	97	82	25	117	56	121	27	54	33	56	71	25	48	43	91	50	77	44	8	53	81	7	55	46	62	94	75	63	51	90	43	70	85	85	97	68	50	100	93	24	98	12	100	
93	94	16	85	82	73	117	114	108	62	86	78	63	101	80	105	119	100	101	76	55	72	104	69	78	112	81	79	49	10	69	94	98	111	41	28	37	111	74	93	92	85	37	84	82	59	78	73	85	24	
82	79	94	112	106	84	33	61	66	110	103	110	99	34	38	40	78	49	66	29	51	83	123	11	111	101	59	56	76	48	37	101	71	77	53	32	84	73	107	108	96	43	76	118	79	82	89	20	61	91	
91	79	78	38	19	118	109	56	44	47	102	23	100	113	63	63	18	77	118	84	95	105	63	76	103	80	53	50	93	63	84	94	122	86	106	89	52	104	67	43	45	110	75	64	69	58	47	59	48	42	
90	86	64	118	112	57	67	81	1	69	63	118	23	105	102	71	109	120	40	95	110	99	85	94	57	86	57	47	83	55	45	72	22	86	43	45	72	116	109	39	41	86	122	106	34	107	76	63	56	51	
29	25	96	37	54	91	107	101	27	46	115	75	57	99	88	83	97	123	96	61	8	112	43	120	24	27	64	89	84	57	64	94	91	101	72	88	55	92	65	70	69	100	48	83	121	79	88	97	111	111	
101	108	81	109	106	28	79	31	77	19	118	94	53	81	33	49	64	102	67	11	62	123	49	93	78	94	115	92	67	26	47	84	104	104	110	109	118	45	9	91	91	88	40	61	32	80	60	76	66	123	
99	90	67	76	63	86	25	72	66	80	56	56	117	100	76	45	35	60	101	75	121	112	38	100	40	42	63	76	76	68	80	49	53	121	6	32	61	100	102	104	98	37	56	57	111	64	104	103	25	89	
56	47	107	77	82	68	100	49	37	91	113	66	115	99	123	110	97	107	28	69	94	73	121	102	90	79	86	105	110	76	100	100	57	35	118	96	105	33	52	83	85	45	89	114	123	77	56	93	100	90	

73	95	66	101	67	38	68	5	87	22	71	90	31	73	42	66	92	101	45	53	35	112	59	89	105	40	110	41	11	51	48	83	65	33	60	8	70	47	13	34	111	3	123	19	118	84	4	87	62	48	
59	108	14	96	84	39	87	55	82	65	55	109	67	65	38	107	113	49	24	13	37	60	24	73	106	20	86	44	62	79	33	34	80	88	81	63	115	21	68	42	79	59	93	69	69	47	57	73	72	94	
59	49	117	104	119	62	49	76	121	103	30	77	28	69	47	65	110	45	27	44	31	51	43	79	93	50	67	38	87	100	47	76	120	91	72	110	97	35	88	41	103	70	71	107	100	84	36	42	81	84	
20	108	108	18	62	122	65	47	64	44	111	91	87	93	100	118	43	80	92	94	92	105	77	31	83	117	108	113	120	120	62	64	68	44	88	4	88	82	32	97	6	109	86	6	96	31	86	87	62	26	
115	118	108	87	47	77	46	108	95	45	68	35	26	97	115	121	119	56	112	68	81	108	44	102	108	102	103	112	113	45	68	73	76	66	45	84	13	14	76	60	87	67	66	91	109	60	33	99	31	69	
56	96	106	37	95	37	56	114	21	98	74	83	83	70	38	102	26	96	57	92	102	90	97	83	60	33	94	49	26	57	78	30	34	51	60	96	91	86	112	38	112	75	68	106	96	49	67	25	111	59	
118	45	37	106	105	51	83	114	45	90	44	36	119	95	55	121	35	77	104	81	115	49	121	58	88	49	45	70	35	14	98	76	60	28	64	118	64	74	87	44	82	55	58	68	94	60	106	32	61	95	
118	110	100	94	68	37	49	104	13	82	13	34	105	89	28	73	23	74	117	113	83	46	74	93	97	78	42	88	62	40	122	88	14	27	59	89	96	50	97	33	81	59	17	69	58	41	80	27	61	115	
14	88	98	31	43	87	109	14	95	89	22	28	100	77	22	63	24	62	115	121	82	37	72	94	90	65	48	97	74	36	117	90	16	25	49	83	104	49	99	28	74	48	20	72	48	53	86	33	48	120	
105	52	56	89	77	54	38	120	119	70	107	99	112	61	116	109	106	114	77	108	80	117	121	40	61	68	87	31	97	116	47	63	117	101	102	61	76	84	71	100	77	91	115	99	92	120	42	110	112	65	
13	87	84	68	62	79	114	24	33	70	116	109	98	111	100	40	84	60	10	57	95	97	57	58	88	84	31	42	92	80	91	26	99	95	52	24	57	64	85	111	29	47	61	118	77	56	73	115	45	110	
12	87	78	64	48	54	63	53	56	110	52	106	84	103	71	55	64	51	60	77	92	100	76	8	101	93	53	13	90	33	115	75	59	75	64	42	63	90	36	70	40	36	81	96	86	60	24	104	55	123	
44	91	92	51	92	99	91	95	98	57	69	66	29	71	29	16	12	61	89	93	61	108	108	61	118	86	105	66	85	61	112	87	102	35	53	92	80	120	79	68	71	67	54	46	38	59	58	92	100	101	
78	62	53	66	12	68	19	100	97	90	61	97	55	72	67	46	48	63	95	89	15	96	87	69	97	85	85	69	116	21	62	84	98	35	94	50	81	120	85	54	30	86	7	94	85	81	52	111	68	107	
41	97	105	58	55	30	70	76	84	36	90	68	76	56	36	61	55	21	66	113	63	44	86	61	121	37	79	17	76	37	101	115	54	86	102	55	59	68	100	108	68	40	53	122	90	97	63	101	34	107	
17	79	86	19	61	71	74	73	83	89	42	96	22	58	88	28	52	107	45	29	78	108	54	121	94	108	71	94	52	102	87	107	84	85	35	64	122	89	57	41	106	72	83	107	25	57	123	117	76	100	
44	85	86	44	68	14	50	72	80	20	88	62	61	19	60	33	45	97	29	18	80	93	65	111	74	104	64	99	39	90	58	84	85	88	43	64	117	93	31	62	102	70	90	82	34	60	116	91	47	123	
115	85	72	60	48	52	99	120	123	68	96	32	99	78	81	91	78	113	86	73	62	17	39	47	116	59	33	106	103	52	108	101	123	84	112	36	44	36	58	21	105	48	100	43	98	35	104	75	90	98	
26	94	94	101	62	42	78	46	40	76	94	89	50	29	84	60	32	70	116	49	110	65	91	40	79	46	86	90	84	52	75	102	95	24	95	96	72	47	66	61	88	51	62	33	90	46	65	24	116	43	
87	26	36	110	67	11	50	71	77	106	60	76	50	71	44	25	31	80	18	75	106	60	105	26	81	51	90	99	69	66	88	98	107	33	103	101	55	37	50	62	77	47	57	42	75	54	52	16	119	57	
41	105	111	109	75	117	111	37	40	85	88	123	120	60	85	90	86	17	73	42	75	24	100	36	119	34	92	113	28	42	56	109	109	60	90	79	87	21	37	65	71	72	23	30	84	48	80	49	94	44	
116	74	80	71	81	77	42	87	91	71	95	96	43	32	97	121	98	50	78	88	99	59	120	92	71	123	79	110	77	67	101	62	37	102	38	119	52	111	119	121	58	52	109	115	107	53	67	111	62	85	
46	122	109	62	77	29	77	69	79	117	70	76	11	69	107	68	88	67	102	90	27	39	73	60	73	89	91	99	47	59	66	47	35	115	59	82	36	123	113	108	27	59	104	98	82	30	35	105	75	108	
39	83	94	13	66	80	62	79	78	15	93	19	69	61	19	49	19	105	95	69	81	102	102	100	88	95	28	49	79	51	103	109	102	100	58	71	122	87	12	88	89	76	54	10	122	83	82	52	76	46	
120	46	44	117	116	50	30	99	98	48	67	54	108	112	63	38	85	25	67	80	61	40	105	78	94	50	63	38	11	107	52	83	25	69	85	15	96	113	67	31	15	20	54	76	51	40	123	116	28	100	
8	96	98	59	18	79	95	121	123	91	92	104	26	95	123	85	84	61	98	58	109	115	92	36	107	61	84	77	114	28	108	54	100	43	89	102	21	30	97	116	115	90	57	99	118	89	61	78	82	116	
30	79	90	101	80	8	61	94	93	21	102	44	104	66	84	123	83	96	73	43	89	101	88	49	120	104	37	111	111	86	123	65	18	79	61	107	118	75	55	62	70	88	77	70	31	61	63	28	42	109	
19	105	113	26	37	93	96	108	111	49	80	80	89	90	64	40	79	80	112	87	43	35	92	64	104	95	86	121	38	29	38	120	70	41	77	84	54	67	112	37	33	114	83	104	64	77	89	101	104	110	
76	28	22	122	62	65	18	105	98	52	105	50	51	76	86	62	98	34	58	51	122	116	53	13	84	116	94	55	106	72	83	108	46	84	26	93	102	20	95	90	45	97	111	103	110	87	48	83	67	112	
59	98	89	100	57	36	58	60	62	117	62	109	95	28	56	13	60	111	36	28	107	88	88	57	89	77	70	106	117	97	74	18	118	109	92	67	121	103	47	115	90	88	68	59	17	93	105	120	88	64	
3	94	87	114	59	65	65	90	90	41	119	86	120	73	63	109	101	58	63	19	95	92	79	116	61	29	88	90	107	36	108	33	99	101	75	43	107	74	63	91	115	119	54	53	36	79	103	116	100	75	
45	96	104	55	87	42	23	95	83	29	115	67	34	85	66	83	87	78	18	48	101	118	64	58	40	56	121	85	68	84	37	89	78	80	55	48	99	58	55	89	119	94	35	22	16	104	88	121	64	84	
95	9	13	102	81	57	33	111	100	55	116	24	91	55	67	23	64	56	98	51	87	103	41	72	35	65	22	102	108	70	55	41	117	106	67	32	77	44	68	86	102	81	30	32	41	114	62	122	96	95	
33	100	111	68	62	62	100	38	46	56	60	93	64	42	37	51	40	67	112	95	26	47	85	111	48	55	95	74	100	56	26	42	82	55	54	52	47	106	78	105	35	66	91	56	42	119	28	107	97	66	
98	119	118	96	103	94	57	102	107	118	36	94	24	77	111	59	25	88	52	56	91	85	54	106	95	60	48	116	81	10	68	74	73	49	24	60	89	117	36	115	22	34	72	41	43	83	37	103	52	82	
117	91	99	23	57	119	96	49	57	88	49	72	66	11	74	15	59	113	122	81	118	100	68	121	72	69	47	106	85	66	82	68	47	99	73	60	111	77	52	110	58	68	89	87	90	106	46	123	43	93	
27	116	106	8	57	33	38	120	117	65	117	114	37	72	60	105	61	79	58	23	102	112	55	21	81	122	91	115	92	73	54	57	105	46	86	79	85	85	37	66	99	25	79	91	110	87	100	109	75	119	
97	42	34	82	120	90	109	28	20	73	79	109	45	57	92	78	96	26	63	54	75	62	70	67	71	37	51	99	90	94	88	67	15	108	70	79	47	114	68	99	113	65	89	116	88	85	116	75	33	94	
77	84	93	46	74	111	109	30	38	79	101	72	92	105	46	105	109	14	79	77	74	95	30	38	121	120	113	104	109	72	43	47	63	45	48	97	89	95	102	73	76	103	87	53	61	81	88	48	123	28	
21	85	75	75	46	85	61	78	79	119	115	121	72	52	96	118	103	17	95	90	40	38	115	99	97	100	33	111	116	91	54	76	35	109	123	81	41	48	30	59	48	104	58	41	58	101	114	63	96	45	
94	74	66	68	44	96	101	21	19	88	122	78	66	82	43	70	62	53	114	83	80	100	70	72	87	103	65	69	49	65	59	30	54	121	70	113	9	82	64	21	48	116	55	35	48	113	117	53	93	30	
96	119	112	103	123	103	91	33	22	72	98	106	101	87	101	55	66	107	42	28	114	97	41	79	60	108	84	95	119	96	82	106	62	107	70	27	105	85	34	89	52	108	13	82	17	116	82	23	49	55	
39	111	105	94	51	108	123	37	30	113	90	49	56	123	73	97	112	66	97	86	34	25	122	80	117	105	113	110	84	77	101	111	117	24	59	104	61	96	40	74	36	103	96	37	107	46	80	89	109	94	
103	111	116	66	20	80	45	109	107	78	96	33	55	32	89	80	46	113	73	58	79	88	118	99	76	93	23	104	75	114	93	67	54	71	51	48	82	58	18	78	86	102	106	97	18	87	75	102	8	114	
19	89	91	74	79	81	46	111	102	91	42	111	55	29	80	80	108	15	95	66	66	88	102	84	79	38	72	96	66	120	91	109	80	52	91	87	60	84	25	70	88	38	43	50	111	64	69	94	43	121	
65	69	59	57	44	95	102	38	39	85	43	87	34	61	83	112	94	113	51	42	82	89	55	37	53	72	70	95	81	60	121	92	23	95	123	108	88	19	75	82	113	123	112	110	95	73	100	7	92	79	
36	105	114	95	38	108	111	122	119	80	94	96	123	116	121	61	36	76	21	63	118	117	29	52	101	85	10	113	99	120	69	89	117	116	119	102	36	106	92	101	101	107	112	96	110	77	30	71	117	43	
93	47	44	91	63	65	90	52	56	37	106	42	69	49	33	64	22	98	44	72	109	106	83	72	76	57	101	69	82	60	68	54	114	104	63	47	109	28	59	19	63	104	99	113	116	53	76	85	85	100	
23	111	120	54	18	79	97	22	28	63	92	67	112	96	45	34	42	112	73	85	42	46	80	54	80	74	83	100	109	108	85	102	104	36	81	58	120	87	32	46	59	101	102	108	117	63	92	105	8	87	
58	67	74	107	103	45	98	96	107	78	84	65	78	79	97	96	115	39	75	71	104	104	38	61	84	49	55	99	77	120	54	84	23	86	41	65	77	98	65	59	59	121	123	102	116	99	93	108	48	92	

108	108	20	113	64	68	56	106	26	39	76	24	123	101	102	3	22	1	90	119	79	94	108	94	29	35	11	58	109	69	42	13	53	104	2	37	48	101	62	116	59	14	17	58	34	38	61	55	38	70	
50	117	43	99	103	35	84	111	26	42	38	43	84	101	99	51	31	50	117	110	70	45	66	62	62	54	55	21	110	35	90	41	72	82	50	27	32	81	16	70	62	40	34	64	50	30	21	37	30	33	
98	101	75	71	40	106	50	123	102	106	83	79	77	27	47	90	121	83	118	84	63	59	76	48	112	83	100	116	12	92	61	110	101	37	109	86	100	33	98	46	84	76	79	115	64	79	103	71	79	73	
105	70	38	22	39	73	76	112	81	101	89	60	82	32	71	120	102	70	89	81	40	89	67	53	93	58	118	98	43	80	70	97	103	32	90	50	71	25	68	34	84	77	85	95	41	51	91	44	75	46	
13	101	111	83	43	103	16	35	22	27	16	26	96	82	111	96	102	112	23	84	51	83	55	52	85	68	80	95	44	67	51	56	21	76	83	66	21	78	17	76	53	116	58	46	110	75	85	45	115	43	
70	102	122	108	112	113	113	122	115	122	115	87	36	95	90	31	104	67	121	60	108	60	77	75	118	118	102	71	90	71	98	109	120	41	52	79	103	70	113	42	123	70	76	107	15	108	31	91	120	86	
110	15	39	88	108	30	93	107	104	105	110	94	62	91	94	30	118	60	113	70	116	82	76	83	123	121	107	81	91	60	115	84	100	14	35	98	100	93	119	17	103	77	80	101	21	106	7	107	91	111	
65	113	109	81	77	73	43	16	97	77	111	123	55	121	79	23	78	41	95	38	110	89	34	63	114	113	73	92	63	81	111	118	90	49	40	82	117	54	100	55	119	109	77	83	51	94	47	66	62	85	
102	111	90	77	66	76	104	60	89	82	123	107	30	97	110	74	44	45	92	45	58	97	51	97	118	95	87	51	66	93	101	94	90	103	61	50	122	47	71	11	64	55	20	52	28	39	54	108	14	82	
37	117	117	110	110	29	86	49	56	52	103	73	50	114	118	90	46	25	78	25	29	63	103	119	71	47	61	72	52	105	58	75	96	66	17	53	81	23	77	53	38	14	72	73	66	80	10	118	54	51	
122	80	43	33	15	103	65	49	76	57	91	87	37	83	89	84	101	49	65	51	60	83	102	115	47	75	39	95	40	76	85	34	115	70	71	24	89	49	104	64	43	62	98	112	35	95	55	74	11	10	
103	85	107	42	63	96	26	88	67	110	87	106	98	69	28	105	83	96	24	107	70	105	20	112	79	44	89	99	84	55	44	113	84	20	66	66	80	91	28	99	110	31	62	112	79	36	44	62	93	95	
116	101	62	85	62	98	97	87	97	41	96	74	23	121	63	107	69	26	81	87	54	67	89	69	67	39	16	115	78	65	64	48	34	80	16	37	78	28	60	106	62	100	94	88	91	42	93	92	61	84	
1	108	91	36	33	73	58	118	76	123	59	72	31	108	82	119	61	55	66	67	29	72	83	92	52	12	20	106	102	49	68	38	13	81	36	57	59	31	50	116	85	75	65	117	82	54	109	97	73	107	
71	71	81	64	50	59	64	102	40	52	116	104	74	57	84	101	44	60	53	55	58	16	40	50	51	50	47	99	108	56	50	50	63	30	26	111	41	48	58	102	94	27	45	79	117	71	87	58	86	99	
71	67	107	66	74	52	122	67	107	102	26	74	103	37	54	60	65	83	73	10	107	39	53	47	73	40	54	74	103	101	29	49	20	56	56	60	93	34	70	106	57	79	86	121	103	65	59	24	115	101	
119	24	39	46	12	99	86	104	65	97	44	48	78	119	63	46	53	76	104	49	84	22	29	81	91	41	37	80	89	99	56	60	52	80	66	47	122	58	103	61	78	75	48	88	116	101	29	48	75	117	
31	103	83	26	62	95	51	87	55	37	86	16	98	85	17	111	51	44	105	87	62	44	76	75	82	77	32	69	57	116	50	81	55	48	59	29	123	84	92	108	121	69	69	89	116	91	40	91	99	108	
56	78	101	123	114	53	81	73	61	74	97	11	105	85	24	91	58	53	105	79	14	84	82	70	33	51	52	120	88	102	70	97	104	91	31	36	76	55	107	86	94	89	67	53	75	47	80	64	56	85	
112	31	32	68	98	7	109	57	119	47	64	56	45	88	123	92	67	111	10	37	20	82	88	66	38	56	59	120	86	96	76	105	111	84	39	43	84	51	99	86	95	82	67	55	82	46	80	62	52	87	
33	78	112	59	87	87	102	32	102	103	17	92	75	74	35	105	52	120	113	114	32	91	76	71	92	91	96	104	109	28	72	40	52	75	93	78	98	117	43	72	69	73	74	95	120	76	39	110	119	105	
42	90	109	72	99	94	33	78	110	116	60	28	75	84	75	31	54	51	101	88	87	118	74	38	69	35	55	36	76	68	27	79	105	19	68	39	104	119	104	75	86	81	123	39	109	16	103	88	81	28	
1	108	84	74	109	72	115	61	102	99	20	96	104	57	83	35	46	59	49	57	43	110	84	100	122	105	96	92	95	73	102	47	91	122	77	76	36	16	71	95	35	61	15	88	99	113	8	74	79	92	
110	18	31	98	81	37	101	81	22	84	57	123	82	108	116	19	51	118	69	37	45	89	57	79	89	87	107	63	63	72	49	91	47	110	22	55	37	51	47	121	30	95	63	109	79	78	57	103	105	98	
21	116	75	46	10	99	102	29	86	64	61	76	27	108	30	88	115	42	88	54	58	65	76	45	51	68	99	84	102	30	21	66	73	109	57	83	59	7	45	81	51	81	42	109	94	87	88	77	123	85	
114	111	123	107	115	15	120	103	113	121	98	56	102	31	86	88	84	11	103	110	117	97	81	106	43	75	86	104	72	71	53	31	35	116	19	73	20	46	20	75	91	50	42	75	58	87	108	101	112	83	
26	111	74	102	73	119	66	111	71	15	97	120	86	64	102	18	74	41	100	22	5	89	27	99	40	52	23	92	57	110	35	42	67	66	60	110	43	74	46	27	40	98	88	114	21	84	107	52	93	44	
12	108	102	49	41	106	75	61	58	114	88	74	111	61	122	78	123	55	116	70	65	80	49	109	32	55	90	85	100	22	67	64	76	35	60	64	93	72	71	111	115	57	92	47	73	49	92	46	47	64	
28	98	119	116	92	62	93	22	97	69	94	44	66	104	61	71	75	110	38	102	90	65	67	45	118	86	106	87	79	82	50	104	87	69	51	65	23	108	27	69	74	38	35	50	35	75	15	62	117	71	
59	119	103	52	60	119	88	117	77	101	12	83	33	110	56	120	120	86	80	108	105	29	101	33	65	53	93	39	109	115	110	108	72	47	90	111	90	60	92	95	104	74	94	61	89	43	97	100	43	75	
10	113	92	92	109	121	93	96	109	40	121	95	118	103	45	102	94	85	48	123	116	57	65	46	98	108	84	63	84	100	67	61	68	119	12	76	62	117	121	51	107	112	68	52	67	106	31	52	114	42	
95	42	79	55	76	35	97	27	79	99	46	45	83	72	22	104	120	52	123	63	72	25	92	32	82	24	81	93	96	54	113	52	86	21	104	67	73	108	89	99	10	56	118	86	112	87	104	99	65	103	
86	97	82	88	77	104	63	48	60	71	49	109	92	35	63	62	63	16	110	43	48	101	31	120	63	56	38	72	97	27	98	74	61	85	82	121	84	82	40	118	77	48	80	94	69	38	60	56	101	92	
113	71	110	44	17	115	59	68	39	116	32	110	63	63	105	42	40	81	121	100	89	120	69	34	109	61	94	42	106	60	91	94	73	117	114	51	99	42	35	101	89	43	33	45	33	96	82	29	42	83	
45	89	84	114	115	72	71	50	119	96	107	71	42	119	40	116	83	107	84	98	81	15	81	75	80	90	72	63	112	95	108	120	121	118	108	84	110	113	104	18	63	119	93	79	94	24	41	92	91	66	
24	89	100	72	98	110	37	108	83	67	105	111	64	84	15	89	103	46	106	85	74	21	82	33	92	47	110	72	115	113	118	95	78	114	12	72	117	110	110	7	55	108	92	77	83	13	44	102	92	55	
99	107	103	70	46	116	77	40	123	43	86	3	96	106	95	10	68	62	63	118	116	103	77	74	108	117	70	108	20	93	44	72	65	98	66	105	78	29	67	100	101	65	91	29	87	103	121	43	114	101	
39	78	37	97	105	6	108	66	40	75	96	93	84	80	33	77	49	79	96	53	39	105	112	91	54	82	53	41	117	121	78	94	97	70	51	64	99	75	60	96	14	54	21	110	13	24	109	103	47	121	
39	114	80	18	38	109	9	106	80	27	121	51	51	108	94	45	24	92	98	86	72	71	67	94	64	22	105	14	107	28	90	48	103	103	56	98	51	29	94	109	19	36	31	122	18	20	107	105	74	111	
109	49	7	71	48	84	62	46	72	30	84	34	72	86	42	102	119	95	50	99	82	64	32	119	75	113	56	106	117	64	64	37	57	31	123	42	78	83	54	74	47	21	44	104	38	69	112	122	73	107	
5	104	91	28	16	92	104	59	99	106	23	78	30	102	78	71	87	88	32	101	101	13	63	83	98	54	38	115	27	91	22	43	103	24	91	10	116	91	105	76	49	72	44	29	39	67	118	84	56	72	
34	96	118	83	103	109	74	114	27	106	86	40	116	33	98	116	71	92	83	27	10	96	80	36	69	78	59	91	13	91	22	64	56	46	112	33	117	90	65	78	43	83	24	44	53	99	81	106	84	94	
83	43	53	112	74	78	115	109	22	83	34	85	67	85	20	88	69	64	65	58	75	82	12	97	118	119	82	28	78	97	77	84	40	77	57	122	71	77	58	105	98	66	92	71	35	96	58	108	68	105	
105	11	42	107	101	92	34	94	106	98	71	92	25	106	93	34	68	105	115	107	107	42	55	79	107	65	82	113	117	119	59	6	85	16	108	53	65	60	92	27	72	73	70	95	44	38	67	62	121	85	
97	87	120	92	83	64	112	37	101	29	97	62	45	112	103	101	64	57	119	73	82	87	24	87	91	54	76	75	66	57	74	32	64	36	123	92	28	51	43	73	91	101	98	37	95	15	54	28	103	76	
8	108	71	95	83	43	90	86	50	110	16	86	64	61	62	63	118	115	78	94	101	72	10	108	48	21	96	29	87	36	88	115	79	111	18	92	109	123	87	103	98	119	117	98	80	104	75	74	94	61	
42	73	96	84	115	118	41	88	79	46	114	84	85	101	46	96	100	101	33	87	97	116	80	66	110	115	78	47	97	102	86	49	57	29	87	88	34	36	57	93	118	55	40	38	72	59	96	106	89	17	
85	44	30	59	90	102	51	114	25	89	27	75	96	65	118	63	20	86	122	88	72	26	75	57	110	90	84	108	19	75	88	61	56	112	97	53	122	102	48	98	97	120	98	37	39	39	98	29	67	105	
106	68	55	84	86	116	21	113	83	92	62	99	2	120	120	21	64	38	75	75	80	49	109	74	82	37	87	85	66	42	111	53	79	37	113	93	80	78	24	116	122	57	77	56	88	95	46	82	64	29	
114	112	74	11	45	68	81	67	76	105	72	38	118	89	34	122	120	81	79	123	111	121	77	82	63	96	96	94	48	112	71	117	47	60	94	94	120	112	71	50	23	69	74	116	73	72	42	86	61	50	

84	104	101	64	53	108	22	86	35	120	74	110	6	101	94	111	17	114	37	87	14	39	111	49	64	121	26	65	82	33	14	85	57	34	69	29	18	90	114	53	6	108	82	11	85	95	42	21	86	78	
27	74	96	47	46	109	7	72	51	117	95	109	31	82	82	105	31	98	13	77	17	54	101	61	43	117	7	50	67	12	23	102	51	42	71	43	15	88	112	36	29	121	106	35	72	81	21	28	107	87	
25	114	99	118	80	66	113	59	117	109	117	42	120	98	45	80	113	24	116	78	112	66	99	69	116	91	109	92	84	117	93	103	119	104	89	80	108	61	16	116	115	109	20	103	52	120	118	91	58	100	
77	80	115	83	41	93	57	95	113	20	110	120	37	20	79	46	18	113	117	56	47	74	86	57	88	106	34	24	90	55	40	56	25	39	35	61	26	74	120	77	81	94	105	95	82	78	101	67	114	42	
56	100	32	92	63	56	45	21	86	76	52	29	87	92	22	75	91	96	86	56	57	41	72	96	31	119	109	74	3	83	97	117	78	109	79	50	81	87	52	110	37	8	31	4	44	24	100	42	94	119	
57	106	61	66	81	20	98	91	99	96	85	93	39	43	100	46	66	62	87	88	93	109	19	82	51	59	69	34	81	39	77	50	15	88	100	106	119	13	84	42	54	83	55	83	112	84	30	117	54	85	
47	101	95	39	10	58	86	44	91	114	89	113	29	77	92	56	54	22	112	76	93	101	73	88	98	68	96	77	59	37	77	54	54	41	100	55	121	52	90	83	87	101	27	91	106	53	75	103	79	116	
6	108	57	71	82	29	73	89	64	54	56	85	97	32	118	62	92	63	46	85	107	47	18	55	82	70	118	7	22	99	92	87	47	83	80	32	93	87	49	25	25	80	89	110	117	55	106	46	117	57	
82	85	93	55	60	88	48	50	52	28	70	71	97	34	103	32	87	35	78	67	119	55	58	95	58	49	107	47	62	91	61	43	87	112	122	74	95	92	50	71	35	37	112	117	123	34	119	38	101	73	
112	89	52	71	40	48	59	55	102	63	73	121	61	99	65	71	91	114	58	83	68	109	55	36	69	106	10	60	86	24	47	69	26	74	51	117	106	74	95	38	117	67	120	75	29	74	85	94	31	85	
52	68	71	73	70	30	73	80	114	109	105	45	92	50	115	50	79	14	91	107	97	89	61	118	117	60	107	104	77	110	70	51	111	70	82	23	70	100	26	83	77	66	16	73	111	47	111	45	79	58	
123	98	87	56	77	43	64	83	80	70	80	98	111	39	67	100	29	67	41	100	51	105	32	72	68	25	48	90	105	52	36	40	90	65	106	61	88	102	104	32	44	68	86	26	72	81	123	60	39	98	
24	82	72	77	86	101	68	87	120	110	76	72	21	106	69	51	60	29	87	41	57	69	46	17	87	71	102	32	95	39	105	48	119	103	85	18	77	75	115	63	100	75	46	61	66	27	121	69	36	46	
97	25	100	68	34	79	118	81	91	90	118	120	33	122	90	56	66	30	56	43	58	47	18	26	73	82	107	39	83	26	84	21	106	118	101	25	63	78	111	76	81	61	17	35	69	23	97	46	37	59	
75	96	99	36	46	43	111	117	64	86	88	90	108	97	36	97	88	92	50	121	65	111	87	101	38	48	30	76	45	103	31	99	105	119	20	98	65	54	66	25	67	58	86	119	120	94	118	77	102	99	
6	100	28	105	96	114	36	50	17	16	62	81	47	96	123	68	41	36	122	44	65	52	70	85	89	87	116	75	85	108	117	54	120	90	122	109	60	102	68	101	98	99	78	114	33	41	100	98	101	74	
103	36	98	89	65	59	77	116	119	117	45	68	86	40	120	44	30	20	105	83	40	33	104	56	116	46	118	48	121	71	89	60	115	78	110	98	34	83	93	114	92	74	52	74	69	28	67	67	113	100	
59	105	31	93	107	107	106	115	64	88	91	56	116	71	113	23	46	48	119	71	84	49	102	16	119	72	87	89	107	74	75	48	103	82	93	78	37	102	87	104	74	40	65	75	91	36	63	32	110	97	
34	102	71	96	119	70	41	70	108	120	110	112	97	49	61	102	101	95	98	101	78	82	10	90	91	93	99	85	99	92	107	66	35	76	118	101	88	25	49	69	98	73	41	29	38	114	41	91	76	16	
51	112	38	114	82	110	101	123	117	90	91	54	118	91	38	122	96	96	87	117	13	107	90	12	87	11	74	20	94	85	35	22	62	76	33	94	14	90	41	97	93	65	109	100	57	116	57	110	98	84	
41	97	50	73	94	48	56	77	119	112	87	117	65	118	84	90	107	119	33	118	112	42	29	111	111	121	62	119	63	115	116	102	113	115	103	85	121	108	90	33	116	70	53	56	96	18	105	31	73	69	
66	123	84	56	46	96	69	102	54	52	117	90	82	49	90	91	115	97	114	92	82	85	92	111	117	109	28	92	79	105	90	31	57	36	75	67	71	47	75	106	61	39	56	28	97	81	82	93	111	45	
117	112	104	102	67	93	25	22	60	51	93	73	122	123	52	68	78	93	67	83	77	50	73	88	89	64	27	119	73	106	48	66	88	67	56	95	53	15	114	62	15	16	84	33	67	45	37	93	105	73	
85	82	101	122	96	60	73	57	94	88	23	64	56	110	52	118	84	96	94	76	78	68	41	109	84	83	58	111	62	82	25	78	76	85	69	91	62	32	110	61	46	27	113	12	73	56	22	94	77	64	
17	111	117	87	70	39	97	61	17	14	62	49	90	17	99	78	43	24	97	43	49	80	72	102	83	106	62	34	100	118	112	53	77	97	37	42	82	121	87	103	98	87	100	98	94	68	89	101	48	84	
83	84	42	119	98	82	18	32	50	70	62	85	27	107	80	74	75	64	119	34	43	19	76	47	90	32	49	114	16	76	31	39	95	112	118	64	109	34	12	99	55	70	39	42	100	87	111	115	109	117	
15	104	81	52	68	39	109	92	99	105	40	15	112	58	88	34	34	29	112	12	23	28	69	28	60	92	46	101	105	34	96	64	35	64	97	73	59	106	94	70	95	48	92	110	63	111	93	67	31	90	
15	105	97	25	52	9	102	105	46	30	58	44	103	83	11	87	87	99	52	115	115	101	113	27	80	71	76	96	97	67	34	105	105	15	61	98	115	92	90	33	74	29	116	63	88	121	70	48	46	19	
28	119	42	88	109	101	39	76	22	27	69	94	50	120	81	118	82	69	109	57	51	69	117	119	83	63	83	47	27	41	76	106	95	54	19	59	74	77	61	66	29	22	72	82	121	78	36	20	44	40	
74	77	84	113	99	91	36	9	68	75	113	114	81	66	53	102	97	88	41	92	81	55	116	43	100	40	11	100	73	50	116	42	100	76	66	122	75	45	79	51	97	81	98	51	106	30	97	75	44	35	
104	72	117	81	44	21	101	92	112	100	31	72	82	50	66	94	58	47	84	67	55	60	112	123	75	51	88	29	85	109	114	68	41	122	115	56	102	108	35	97	46	122	67	115	43	85	92	68	91	119	
107	109	85	76	80	74	64	40	95	88	82	68	62	117	90	62	29	26	120	29	29	65	42	63	29	113	83	112	25	43	94	65	96	55	78	70	87	35	77	14	57	102	72	23	57	18	112	116	17	115	
54	53	67	96	69	78	109	92	111	111	65	95	123	55	88	66	47	64	102	6	17	35	117	69	86	59	85	91	25	56	69	79	120	96	61	78	105	100	8	74	117	105	26	70	88	64	95	83	82	116	
59	60	79	63	92	119	35	77	24	11	77	95	33	93	66	51	64	54	112	21	14	40	59	98	39	109	122	103	31	60	83	54	92	66	109	62	93	44	85	58	45	23	111	88	55	32	52	115	55	117	
107	97	69	117	103	89	23	61	7	24	85	77	45	76	42	86	47	44	77	122	120	99	25	94	45	111	82	61	93	72	48	23	82	56	82	30	77	24	73	99	37	44	102	33	92	36	42	116	98	118	
116	115	101	89	97	84	108	76	94	81	107	104	62	69	81	102	113	122	35	122	118	115	80	25	62	62	48	113	105	78	108	123	60	115	73	99	34	66	64	119	75	78	71	73	88	79	75	93	87	72	
87	90	36	92	109	63	119	119	100	78	24	58	59	78	78	27	50	66	117	75	67	73	91	22	65	97	75	57	104	96	28	52	71	86	81	91	121	121	71	45	52	77	97	20	123	81	78	108	33	40	
69	49	83	101	84	43	69	46	35	48	97	62	111	7	88	10	35	52	81	103	111	115	105	54	65	60	30	114	25	44	80	14	92	102	82	69	61	101	11	59	51	105	37	50	114	25	35	120	91	64	
94	73	87	73	80	113	86	118	114	115	98	70	122	53	118	104	110	92	64	99	105	73	83	28	73	35	33	90	11	44	106	66	117	113	115	104	108	35	107	43	33	76	46	70	115	12	36	91	123	77	
58	50	86	89	77	72	66	45	85	85	38	57	111	48	54	62	69	58	110	81	76	101	78	39	119	57	104	88	96	73	83	75	40	89	117	102	72	75	79	69	87	95	68	13	114	72	112	26	95	96	
35	106	73	79	63	21	86	43	75	85	103	70	60	55	48	56	39	42	80	69	58	51	116	44	104	10	56	74	26	27	110	115	43	108	67	81	78	101	94	85	93	117	26	96	104	62	109	93	46	35	
62	113	76	56	85	36	76	101	38	61	30	32	93	117	58	58	94	97	108	31	39	58	93	110	104	34	16	107	88	60	76	22	100	99	68	76	43	79	72	42	96	48	87	22	123	48	34	102	82	94	
115	73	40	80	111	110	56	68	93	107	61	68	102	117	76	58	22	19	111	16	7	36	96	63	80	68	78	62	83	71	98	33	73	24	109	109	110	25	23	64	88	110	95	116	75	76	110	81	32	21	
71	100	64	98	86	117	36	51	92	88	18	52	104	103	28	87	75	77	48	89	97	106	22	88	69	120	122	77	110	94	103	43	108	80	63	88	68	107	112	77	93	37	120	63	71	68	17	102	115	122	
8	104	75	105	70	57	102	79	42	64	117	113	58	121	80	90	54	38	109	71	79	104	17	97	67	118	118	37	94	95	93	118	64	47	67	38	57	84	91	98	37	99	69	80	14	72	66	33	108	102	
2	103	64	108	73	42	95	57	55	36	96	113	28	90	14	84	123	116	90	92	84	69	113	121	108	102	76	79	77	111	119	88	68	41	80	52	64	101	104	113	33	118	32	96	26	81	65	29	97	89	
58	54	47	76	43	75	113	81	88	81	70	81	99	70	52	88	86	67	53	62	51	32	91	117	97	22	37	95	116	102	61	49	94	72	101	113	87	118	118	103	27	111	49	108	49	53	31	48	97	116	
119	72	29	110	71	38	104	108	72	63	103	106	75	65	32	95	60	65	74	72	63	99	103	42	104	105	70	37	77	115	64	81	90	75	121	99	74	88	85	59	107	122	82	103	39	44	59	19	61	101	
29	78	117	113	116	109	85	69	24	43	72	70	65	99	104	102	62	61	91	22	10	45	88	72	79	103	82	88	81	92	54	42	87	90	92	120	108	113	107	85	83	74	91	72	56	72	24	33	74	121	
11	101	33	97	101	50	70	109	66	71	98	77	103	86	33	97	112	113	106	23	17	27	102	90	54	89	69	61	109	81	47	23	90	20	103	115	96	72	81	77	88	48	60	99	93	96	38	30	55	94	

7	64	23	36	117	5	80	123	1	117	14	78	42	35	8	110	54	116	44	58	89	34	88	56	58	121	46	64	11	109	13	18	92	78	96	85	82	53	5	2	89	18	80	7	52	7	36	105	42	79	
39	61	31	14	111	37	66	109	39	117	41	50	32	16	42	123	84	105	34	25	54	17	120	63	54	115	81	70	41	71	36	48	111	45	88	52	54	86	40	38	95	40	82	41	46	42	63	72	44	113	
83	23	38	13	93	52	73	107	58	97	24	46	30	30	23	123	91	84	47	21	60	22	99	77	75	107	92	70	22	62	52	30	103	44	99	54	46	103	19	47	114	45	86	36	31	49	42	63	61	115	
119	115	119	36	33	83	115	91	115	81	103	108	112	101	123	111	97	100	101	115	95	106	102	73	96	28	63	104	115	90	89	110	27	113	79	68	116	52	123	80	83	121	98	113	120	87	101	113	110	50	
69	99	114	116	56	61	20	81	30	101	116	34	40	116	121	16	110	103	97	115	67	55	29	45	51	112	99	87	72	64	43	101	113	74	109	119	26	105	71	84	90	45	26	18	115	120	82	19	34	73	
116	122	97	102	122	63	122	63	109	105	58	104	108	13	101	112	104	41	121	101	90	98	116	95	80	68	25	74	69	61	98	118	34	83	25	80	108	122	70	55	60	102	104	109	113	54	113	123	100	81	
12	62	87	97	106	49	98	73	112	103	81	112	122	48	110	92	87	9	100	70	44	80	101	90	62	51	59	40	59	45	75	104	27	97	49	102	78	107	30	11	49	93	60	120	119	62	108	119	60	50	
63	84	70	78	91	31	111	57	42	36	45	41	55	85	110	80	119	104	111	61	89	36	107	96	51	114	119	111	97	69	83	60	93	78	73	37	115	33	82	110	97	32	88	17	63	57	105	42	120	98	
101	65	67	78	81	61	79	38	71	53	23	54	37	86	82	55	107	70	116	96	99	19	102	93	44	84	104	105	63	58	56	95	88	73	109	49	114	32	90	117	102	19	114	45	28	24	105	5	99	68	
86	47	33	27	22	66	60	121	98	101	108	53	108	27	31	101	119	112	48	3	38	93	72	28	82	24	92	74	115	108	45	11	120	93	73	67	66	82	104	43	29	91	52	118	104	101	9	100	99	67	
27	67	91	83	108	67	115	95	67	118	79	102	101	97	103	102	9	72	93	118	115	67	77	99	90	105	61	93	10	120	81	109	21	59	105	103	56	74	121	84	106	54	96	6	79	105	118	21	119	83	
7	65	77	75	56	109	38	84	54	66	74	52	70	109	87	54	74	15	40	68	88	116	106	84	56	74	33	93	70	47	112	98	62	54	40	105	49	120	55	71	49	91	119	76	85	86	112	86	92	31	
116	109	102	92	104	80	58	77	56	42	78	67	84	100	47	79	66	54	44	102	93	55	96	122	118	112	91	103	20	73	77	92	70	75	30	44	94	99	52	63	65	73	105	109	111	49	110	84	108	45	
8	66	83	78	69	34	99	76	103	95	93	101	91	74	103	32	85	40	69	90	23	56	29	85	30	101	89	13	91	43	58	40	82	98	89	97	86	72	73	105	93	23	79	52	68	80	101	41	88	81	
99	73	52	43	18	49	98	65	48	65	114	24	86	31	93	34	80	47	89	70	28	69	14	98	17	101	62	28	83	64	63	52	84	89	72	118	56	99	100	83	98	28	92	46	77	109	99	15	94	90	
23	42	27	17	40	30	103	74	52	3	107	45	62	84	120	77	112	82	95	79	114	94	107	113	118	40	96	102	76	67	111	83	95	62	104	92	78	46	68	38	87	121	97	94	73	99	27	112	32	82	
93	34	20	29	14	61	103	40	45	19	100	67	21	82	57	85	59	60	72	52	68	33	30	92	85	92	58	105	114	51	56	9	31	78	32	53	93	66	39	95	83	86	66	49	48	102	91	46	98	88	
40	29	4	13	32	63	123	84	68	81	39	105	60	114	123	109	88	74	44	122	118	75	106	118	96	109	43	117	57	92	42	80	88	42	110	54	53	87	85	11	102	103	97	60	81	40	85	108	71	15	
14	52	41	33	43	75	78	115	113	100	90	81	87	88	96	98	81	82	50	101	72	101	36	57	116	61	69	87	103	46	76	26	112	84	56	109	63	7	88	76	119	58	50	99	46	61	103	63	110	72	
84	79	94	87	65	123	5	76	50	58	63	53	52	57	91	76	103	83	81	62	25	60	92	80	43	30	99	94	62	106	6	81	56	43	53	60	96	83	10	83	105	59	92	103	60	100	85	50	57	56	
79	42	55	62	77	115	29	88	122	95	123	111	83	123	81	60	87	93	56	107	70	98	49	89	75	89	37	48	98	11	104	53	95	66	112	103	78	95	108	63	89	92	38	109	80	101	97	69	77	65	
102	99	93	87	63	60	96	85	86	79	34	123	79	108	30	16	121	110	90	67	82	94	46	85	80	26	105	68	79	81	33	122	20	53	92	110	75	89	77	106	29	39	89	92	123	74	61	99	64	43	
37	37	55	55	34	42	121	64	56	60	90	40	71	120	101	79	118	98	62	66	71	115	117	92	44	103	18	117	89	73	88	103	100	108	40	121	86	115	105	48	109	122	101	89	91	44	79	46	119	116	
98	99	120	114	117	59	88	105	115	75	114	15	80	103	96	102	28	53	15	87	108	104	76	38	117	29	63	44	90	81	58	65	63	44	55	114	91	44	112	105	105	82	37	41	52	117	86	44	49	55	
104	73	101	92	68	69	56	86	48	34	122	23	56	61	75	42	108	54	61	41	54	92	82	34	86	16	74	15	110	91	78	38	63	33	30	97	109	21	80	100	79	63	53	15	59	100	60	44	39	79	
5	66	72	68	74	56	112	46	34	78	93	82	35	105	88	59	101	93	99	15	21	106	75	89	104	78	98	92	20	66	66	70	62	101	94	36	15	88	43	104	74	121	63	91	84	49	82	85	107	102	
61	23	19	10	32	89	122	79	91	99	66	121	91	28	81	69	53	57	61	101	90	120	86	86	75	85	78	108	93	107	91	93	114	41	16	70	86	44	46	82	17	76	95	49	72	84	25	85	30	41	
75	21	16	16	31	31	121	57	70	34	78	113	77	90	55	71	78	33	66	112	114	61	65	69	77	69	80	45	18	31	92	75	67	77	76	79	25	112	58	56	71	95	33	65	108	38	70	21	67	60	
75	89	75	85	59	83	110	80	60	62	49	64	19	110	67	73	88	108	81	65	72	31	72	35	107	114	33	95	47	69	36	24	109	119	37	52	79	91	105	113	77	70	89	81	116	71	43	85	55	107	
20	50	43	31	18	72	107	65	82	34	95	120	59	110	32	5	111	72	56	63	64	50	43	119	60	55	120	14	14	47	45	18	103	118	38	49	76	101	115	116	75	58	84	72	112	66	46	95	64	109	
67	98	120	118	93	35	111	123	107	96	63	107	59	100	59	45	112	104	89	112	104	87	90	118	72	81	83	87	75	11	43	21	93	112	39	42	84	93	112	121	69	57	87	64	113	56	39	104	70	105	
65	51	51	50	64	70	71	85	67	77	85	26	60	102	60	56	58	38	32	70	82	91	83	25	101	106	85	59	54	58	15	30	86	99	39	41	72	103	113	107	65	45	90	56	113	52	50	98	81	113	
4	66	64	74	69	94	112	109	80	43	89	45	96	58	75	88	29	63	42	121	103	123	118	107	34	25	78	56	41	86	82	81	85	117	53	102	73	73	97	87	70	101	25	50	103	118	112	83	13	119	
18	60	74	77	66	75	55	118	117	121	112	78	74	121	36	56	61	74	65	85	64	48	82	118	52	53	54	62	50	65	68	48	61	54	56	80	120	113	118	62	100	90	60	39	60	111	102	108	70	77	
118	74	44	46	49	99	46	40	31	30	88	17	66	100	31	51	119	92	105	104	87	20	42	53	108	106	86	39	45	68	61	59	120	49	69	92	119	123	116	33	53	55	39	32	38	116	119	109	69	95	
68	83	104	97	108	112	31	66	50	49	122	75	19	117	27	23	99	60	98	101	77	113	106	28	92	91	70	101	101	70	110	115	109	120	102	116	67	47	69	76	55	58	102	89	107	65	40	92	107	119	
118	77	101	92	110	53	94	118	95	121	53	93	111	96	108	104	39	62	22	116	118	43	30	64	77	69	42	87	73	100	98	78	105	63	60	41	118	47	30	56	28	48	97	66	111	99	10	103	96	116	
26	65	83	89	90	69	92	26	41	90	113	123	82	24	88	81	58	25	46	115	113	111	107	70	60	64	65	66	66	26	64	63	94	97	65	80	100	103	102	100	110	56	122	48	25	76	106	91	42	39	
13	70	78	77	81	106	19	55	83	82	104	64	107	49	101	106	117	119	89	44	44	57	17	106	121	106	87	86	92	46	43	56	62	104	101	83	65	45	67	79	98	96	111	44	66	95	96	108	10	51	
20	79	55	47	69	47	104	82	71	46	70	86	85	57	62	35	122	100	108	79	97	26	32	68	97	82	98	25	8	73	82	77	47	110	66	98	44	79	56	114	116	58	90	29	99	122	57	77	64	55	
20	50	67	78	104	98	42	62	43	53	91	49	95	99	100	84	65	71	86	37	45	99	80	118	89	100	57	56	47	109	79	59	29	107	115	63	48	88	66	109	30	91	32	96	52	20	86	52	121	86	
73	99	74	85	115	95	111	75	76	40	90	88	57	74	107	117	87	56	68	44	55	54	20	89	88	88	33	103	96	41	55	36	60	71	116	30	47	28	119	107	65	107	90	87	53	51	34	76	60	36	
110	86	94	84	99	46	117	59	49	57	79	83	79	104	88	60	105	123	116	25	15	96	101	70	123	121	80	111	103	84	50	31	95	85	103	71	88	89	104	99	121	40	82	116	63	45	26	111	81	34	
105	123	106	105	101	96	87	74	88	99	91	53	107	87	115	86	99	123	115	18	20	91	112	48	96	110	40	84	91	29	26	41	123	80	84	31	56	69	110	34	119	108	116	109	108	96	93	94	83	116	
86	42	38	37	23	56	81	39	52	84	81	75	22	113	86	78	67	23	40	75	61	69	94	21	121	111	104	13	15	68	98	112	77	54	106	65	4	48	118	78	106	100	85	62	92	64	109	71	61	101	
99	93	72	83	97	98	110	68	34	49	70	61	66	63	85	65	86	123	109	10	23	80	61	38	90	104	73	56	69	104	80	77	94	37	52	116	50	22	100	81	89	27	92	79	120	110	67	60	81	72	
85	76	82	85	55	114	69	7	39	19	97	113	65	123	37	39	78	53	21	110	100	70	33	83	57	58	103	45	42	108	92	88	70	92	122	96	37	26	84	82	97	48	122	97	116	117	115	80	74	62	
9	69	78	83	71	98	91	85	63	62	93	59	15	101	45	65	110	85	80	65	67	110	88	99	123	113	25	91	99	65	62	68	63	118	81	26	85	63	58	110	84	37	100	109	41	68	104	75	87	104	
90	66	63	60	69	112	39	41	52	34	122	23	75	115	49	50	109	59	73	89	87	82	88	82	121	118	47	79	89	77	53	64	32	95	60	64	46	5	104	28	89	121	59	81	122	101	94	109	59	30	
70	81	54	64	49	25	114	109	112	81	101	26	61	88	51	43	70	70	97	67	56	87	70	61	116	118	100	64	71	33	22	34	98	116	102	68	31	34	80	77	102	75	65	119	67	92	74	62	85	78	

35	34	36	63	63	35	86	14	95	18	27	12	19	10	47	82	2	108	64	23	11	55	122	99	36	103	74	18	23	66	53	57	99	88	119	39	123	2	95	14	62	41	68	123	50	115	1	52	19	65	
74	44	45	103	112	54	91	86	58	88	98	77	73	73	90	108	73	105	47	71	71	23	68	80	63	103	105	89	81	83	79	37	54	77	85	51	91	74	70	70	46	74	123	110	101	66	74	53	56	22	
99	101	71	23	14	109	68	28	53	50	53	96	81	75	40	119	97	76	115	82	35	117	60	104	102	106	120	90	104	28	103	81	102	53	34	85	35	53	105	63	81	98	76	41	56	121	103	85	55	84	
36	35	59	66	60	68	57	81	84	49	109	56	96	35	40	84	67	81	116	90	57	110	55	49	103	102	79	82	48	64	90	29	70	23	90	116	30	72	87	24	42	112	35	63	68	91	118	94	69	95	
30	14	44	59	7	33	99	41	101	71	83	61	95	61	20	99	99	88	96	69	51	116	74	42	71	117	121	97	41	37	100	71	96	59	117	84	44	107	113	37	33	59	36	55	123	96	73	48	55	84	
28	18	59	79	80	28	68	47	104	73	82	94	23	110	88	109	64	112	81	104	68	45	71	98	86	107	74	116	60	51	45	107	58	51	118	40	53	60	105	59	111	43	72	37	115	38	112	81	79	108	
46	13	51	71	71	48	69	92	106	40	105	86	53	94	73	71	80	73	91	89	68	59	50	105	118	90	50	82	63	50	28	110	51	35	118	21	34	104	80	85	65	81	112	40	84	60	86	117	79	118	
101	76	98	117	120	116	84	123	44	84	44	68	43	74	30	112	76	74	111	90	104	100	52	88	75	27	37	21	103	41	107	90	94	65	56	93	64	82	31	16	70	20	31	69	96	34	94	95	9	40	
120	105	83	86	84	87	75	94	112	26	114	82	115	21	109	123	48	22	21	81	81	32	91	114	32	78	121	108	17	118	94	118	100	113	48	9	89	33	95	84	110	108	100	95	120	98	122	40	89	89	
95	63	20	22	76	97	54	110	96	116	34	77	89	78	31	42	73	102	98	122	16	84	47	110	122	31	28	14	102	44	47	42	45	37	112	100	54	123	117	54	32	49	100	84	108	44	53	112	78	54	
46	77	39	30	40	63	69	91	88	67	97	37	118	12	62	99	26	103	70	82	77	75	112	98	77	39	45	77	100	97	44	62	62	88	114	116	77	118	55	59	61	56	76	35	54	59	115	107	119	50	
62	65	31	46	79	86	89	53	83	88	93	66	100	94	58	107	70	70	82	78	67	66	28	88	49	73	114	47	53	64	75	38	73	19	105	75	117	107	75	56	77	75	68	111	65	100	54	93	38	112	
77	105	84	90	36	60	23	100	72	60	48	51	36	116	18	70	23	29	80	76	61	19	72	110	14	120	98	30	98	29	101	86	28	67	62	73	72	103	57	91	57	111	50	77	101	63	58	75	30	94	
19	28	60	72	19	32	70	120	119	107	81	88	25	115	13	77	16	29	62	64	78	24	62	101	35	116	74	29	91	49	99	89	17	79	39	95	81	116	42	106	33	122	36	92	92	66	72	96	25	83	
64	59	33	18	53	52	116	84	110	89	91	67	102	24	118	72	29	32	54	54	78	10	61	115	46	109	67	34	110	54	101	89	34	99	35	96	63	99	52	109	43	120	52	71	111	55	69	85	40	89	
91	101	123	119	94	112	82	85	96	103	116	108	59	97	88	77	89	85	114	50	57	93	66	95	99	108	61	97	70	59	47	10	97	101	109	77	115	111	66	44	101	90	100	51	102	85	91	4	82	34	
64	37	50	43	74	77	101	25	56	45	45	10	91	27	18	58	85	98	96	30	66	84	87	78	57	110	116	115	25	22	53	62	96	62	102	52	86	56	99	59	62	57	91	78	94	50	103	57	97	83	
56	44	15	15	70	98	97	82	85	82	61	26	86	102	93	58	37	121	64	9	97	78	93	57	65	100	93	109	36	42	31	78	60	49	66	64	101	79	92	58	33	73	122	101	64	69	115	50	81	76	
90	75	34	16	72	95	113	103	96	107	93	72	40	93	82	41	68	103	66	98	13	86	54	82	55	84	15	11	113	122	88	30	45	121	114	116	39	30	41	105	84	45	68	30	52	112	123	68	68	83	
35	46	55	52	103	99	51	80	107	90	59	38	87	61	58	20	102	84	73	121	61	74	66	28	90	15	80	66	110	64	106	62	75	80	85	77	69	50	64	67	49	70	82	51	47	56	84	61	42	80	
78	101	118	105	88	99	36	116	102	119	100	96	27	90	82	92	75	115	87	58	65	29	109	57	89	53	40	99	75	70	106	61	71	41	121	120	77	18	117	55	18	47	76	38	26	41	78	46	24	52	
56	34	15	21	62	89	79	112	77	73	83	64	75	67	70	64	87	101	101	23	71	80	104	109	40	44	79	72	91	10	91	43	113	47	102	70	86	60	56	88	75	113	119	63	47	90	23	74	52	94	
122	112	105	118	115	106	117	70	38	44	15	31	107	70	78	81	65	73	47	63	117	95	40	21	90	114	95	49	54	96	58	84	91	84	65	72	48	122	60	33	41	86	53	60	87	12	83	41	70	51	
22	31	17	20	78	95	95	110	102	88	117	106	58	113	116	56	113	55	106	60	68	43	80	50	90	42	101	82	40	77	118	45	107	27	122	32	38	56	45	101	69	122	79	108	76	79	79	110	101	55	
83	108	71	68	114	111	122	93	109	113	80	48	59	89	95	32	58	107	94	77	96	100	75	65	117	100	49	59	44	64	63	26	50	39	103	41	91	33	75	48	25	113	115	58	58	97	16	72	76	80	
45	73	50	60	53	28	41	55	93	76	92	86	60	74	76	14	99	9	56	61	54	31	92	73	79	77	67	116	59	81	99	66	90	98	73	89	54	98	20	106	69	77	107	90	73	52	75	48	59	91	
48	27	27	27	35	35	83	24	63	76	96	110	30	93	93	42	110	109	121	67	65	50	56	43	99	103	103	118	79	57	107	107	64	120	119	23	72	40	85	9	82	82	25	47	98	111	52	80	116	88	
59	47	19	35	60	64	32	102	108	92	84	56	47	109	120	54	37	109	53	116	82	57	95	85	71	67	71	46	97	73	98	98	37	82	87	69	80	32	73	67	113	31	68	112	38	59	116	11	55	35	
89	62	46	51	100	91	36	71	102	97	105	95	9	119	117	110	93	45	60	41	33	50	100	81	52	93	38	118	83	92	83	52	108	101	114	56	76	123	122	107	71	101	73	90	107	84	28	115	119	93	
63	35	25	10	57	35	85	49	50	64	35	54	112	83	75	49	72	58	76	45	101	104	14	33	118	55	64	95	29	54	101	34	86	87	98	54	62	116	106	103	75	90	92	109	103	107	10	88	91	112	
113	85	82	77	24	32	49	87	67	86	107	111	53	108	97	53	70	37	84	26	63	36	117	108	123	77	47	112	34	111	115	87	42	60	98	61	54	110	32	10	107	62	21	119	75	53	118	109	89	13	
49	64	46	50	95	77	27	92	84	64	66	47	82	93	100	118	121	108	91	79	56	47	116	101	52	105	121	69	87	61	109	50	109	74	43	87	66	44	80	116	112	101	110	65	70	85	114	88	30	104	
62	54	20	36	65	43	34	92	108	114	89	82	87	31	36	99	105	11	54	49	40	31	76	81	121	59	97	80	80	18	89	12	92	70	50	92	66	53	72	122	113	105	99	71	65	94	107	86	40	106	
13	27	20	33	82	86	36	82	39	41	9	40	103	123	111	83	96	90	99	87	99	120	123	117	101	109	50	108	112	106	54	81	77	82	85	50	46	30	54	82	123	76	103	97	93	26	44	63	74	50	
84	58	44	45	69	85	118	57	99	110	101	86	87	109	98	70	35	91	96	7	64	67	42	41	73	42	80	62	48	110	21	87	74	95	15	119	97	71	105	94	110	119	60	19	58	101	67	90	26	118	
60	32	41	19	71	98	118	104	66	65	93	84	108	85	75	22	98	103	46	90	112	89	113	113	28	114	61	66	121	109	10	95	106	87	46	114	94	107	114	122	74	74	51	63	86	122	93	100	45	115	
9	28	39	24	63	88	52	113	73	72	71	104	99	86	95	116	78	21	57	92	95	108	109	117	48	100	70	57	56	95	34	72	92	99	59	91	104	67	47	101	97	27	98	46	32	68	55	86	120	77	
53	23	24	25	79	93	103	65	82	74	79	56	51	118	112	79	82	87	37	92	65	80	94	78	119	114	48	71	58	112	56	34	107	93	56	118	25	90	70	107	90	16	83	34	46	65	65	65	97	53	
8	37	52	41	47	19	67	91	60	80	52	60	114	77	67	23	83	93	118	83	58	53	73	79	120	68	7	118	76	79	84	94	62	116	45	114	30	71	59	46	66	70	55	72	27	46	89	96	61	93	
117	111	93	84	83	96	32	111	72	52	51	41	97	55	63	46	96	44	86	33	45	17	94	109	112	25	51	108	88	6	96	46	118	71	92	64	106	105	52	103	115	36	100	122	46	75	54	113	46	97	
65	66	63	41	70	84	117	82	39	29	19	40	91	48	41	58	44	69	8	101	99	115	105	93	26	77	75	122	64	64	91	70	104	100	116	58	119	68	15	37	111	20	118	112	20	74	24	105	60	117	
40	57	20	10	59	64	71	56	64	61	88	102	18	103	94	62	111	42	104	91	79	90	75	61	99	75	24	121	44	59	102	66	70	104	79	53	52	103	116	85	118	98	24	121	122	90	120	53	107	24	
62	73	46	64	49	30	60	104	119	122	89	104	62	122	113	100	46	90	111	48	49	53	90	99	25	77	51	114	118	33	81	107	74	34	116	93	110	113	45	23	107	94	80	100	66	10	82	67	15	82	
54	83	101	101	69	43	65	118	110	85	72	104	123	31	41	33	73	34	43	61	11	19	93	112	111	112	65	91	58	86	24	80	111	70	84	80	35	52	75	67	107	99	79	35	28	87	16	42	81	38	
34	49	67	60	14	33	91	6	45	26	15	33	88	62	70	47	83	113	110	65	19	24	98	93	96	86	87	56	45	67	46	79	99	95	92	98	118	55	18	29	123	112	102	64	38	89	75	37	88	66	
97	116	116	112	111	81	17	102	114	109	97	88	53	78	86	111	68	86	86	83	29	19	89	71	71	93	45	84	83	117	68	65	106	52	89	63	106	57	23	34	82	64	76	93	89	77	74	55	13	47	
61	53	54	69	76	52	51	73	52	64	54	89	57	76	73	122	97	13	59	109	50	59	70	61	49	109	93	71	82	45	115	119	90	52	35	123	64	34	90	53	66	57	58	102	105	72	21	96	74	54	
13	25	67	74	78	85	48	86	120	120	99	65	96	56	45	33	75	45	87	75	71	68	48	41	115	91	95	24	93	36	93	112	102	63	80	116	48	96	112	116	82	83	71	90	90	78	105	101	97	93	
78	61	91	100	44	25	58	66	95	78	106	123	36	87	85	42	75	104	60	106	108	114	48	53	60	107	115	43	83	72	70	123	106	43	57	113	100	121	91	82	119	104	98	26	32	77	11	92	55	123	
85	65	92	107	98	85	65	95	53	49	65	78	55	66	74	87	35	100	80	80	98	93	39	34	119	106	46	102	11	83	61	51	81	61	65	118	112	117	53	87	94	91	107	28	31	92	36	91	38	113	

